# LRA Stimulus Response — Time Series Data
# Source file:      pitch_decrease_mild_220to156Hz.wav
# Generated:        2026-07-17 13:58:20
# Stimulus duration:12.000 s
# Analysis window:  0.400s to 12.270s (clipped 0.4s at start, 0.8s+ at end,
#                    plus automatic trim of any trailing cutoff-ring artifact)
# Accel sample rate: 1516.8-1894.0 Hz (range across windows; 1624.0 Hz overall for this recording)
#                    peak_freq_hz below uses EACH WINDOW'S OWN rate (spread: 377.3 Hz) for maximum accuracy per instant
# FFT window size:  200 ms (324 samples)
# FFT step size:    50 ms
# FFT freq resolution: ~5.01 Hz per bin (at overall rate)
# LRA resonance:    210 Hz (free-air, characterized separately)
# Rows:             233
#
# To recreate plot in Python:
#   import numpy as np, matplotlib.pyplot as plt
#   data = np.loadtxt('filename.txt', delimiter='	', comments='#')
#   t, rms, freq = data[:,0], data[:,1], data[:,2]
#   fig, (ax1, ax2) = plt.subplots(2,1, sharex=True)
#   ax1.plot(t, rms);  ax1.set_ylabel('RMS Acceleration (g)')
#   ax2.plot(t, freq); ax2.set_ylabel('Dominant Frequency (Hz)')
#   plt.show()
#
# Columns:
# time_s	rms_g	peak_freq_hz
0.4000	1.837220	219.29
0.4540	1.844840	220.13
0.5001	1.837335	218.56
0.5501	1.846274	219.28
0.6007	1.849752	218.56
0.6541	1.847257	218.51
0.7008	1.848932	210.00
0.7508	1.850507	213.01
0.8101	1.852279	209.10
0.8600	1.866615	209.59
0.9106	1.884661	219.20
0.9601	1.898970	213.53
1.0103	1.900462	213.53
1.0659	1.888682	212.30
1.1167	1.882158	212.45
1.1667	1.882092	218.42
1.2167	1.874205	215.58
1.2698	1.885667	214.31
1.3202	1.893295	211.14
1.3714	1.894218	213.37
1.4197	1.910209	209.98
1.4707	1.913779	213.79
1.5249	1.917125	209.25
1.5719	1.924638	214.36
1.6246	1.927610	210.04
1.6706	1.929723	206.24
1.7295	1.928461	208.03
1.7797	1.927308	204.95
1.8307	1.932852	213.63
1.8798	1.924911	211.57
1.9353	1.928259	214.48
1.9823	1.925465	214.33
2.0305	1.916127	219.96
2.0798	1.926172	206.86
2.1302	1.915933	204.59
2.1901	1.916569	198.94
2.2401	1.922721	198.02
2.2903	1.912940	208.98
2.3416	1.923513	214.23
2.3904	1.928191	208.98
2.4402	1.924010	205.02
2.4906	1.926575	206.75
2.5459	1.930244	199.50
2.5997	1.925788	199.77
2.6506	1.921888	204.55
2.7002	1.921939	209.21
2.7506	1.905266	205.78
2.7999	1.912149	203.52
2.8541	1.913692	206.76
2.9061	1.908330	208.86
2.9531	1.920166	209.32
3.0003	1.902078	205.52
3.0598	1.917686	197.54
3.1107	1.930750	198.40
3.1600	1.930127	209.35
3.2114	1.912274	202.70
3.2598	1.899742	204.02
3.3124	1.912299	204.16
3.3603	1.885494	199.39
3.4116	1.894355	201.85
3.4703	1.912287	194.61
3.5198	1.879224	190.11
3.5703	1.893800	204.36
3.6220	1.917283	201.88
3.6704	1.906829	199.99
3.7223	1.915959	206.67
3.7757	1.912247	204.37
3.8198	1.907675	195.89
3.8775	1.911722	203.06
3.9258	1.916373	198.86
3.9798	1.918710	197.08
4.0298	1.918337	194.44
4.0798	1.910388	199.22
4.1309	1.912637	198.85
4.1800	1.904119	199.39
4.2303	1.904993	198.48
4.2798	1.907746	199.37
4.3318	1.900844	199.39
4.3800	1.904439	190.64
4.4303	1.905102	191.72
4.4895	1.907631	189.53
4.5398	1.911431	190.27
4.5904	1.914981	198.50
4.6399	1.915228	192.21
4.6904	1.910322	199.23
4.7421	1.917042	193.45
4.7905	1.913163	188.21
4.8470	1.910875	190.72
4.8970	1.909998	185.76
4.9460	1.907789	191.20
4.9998	1.908731	191.31
5.0504	1.910840	190.26
5.1002	1.914368	194.22
5.1503	1.912045	190.86
5.2000	1.909677	194.75
5.2541	1.912780	187.70
5.2998	1.912817	194.47
5.3575	1.909488	194.37
5.3999	1.908775	185.10
5.4598	1.919171	192.14
5.5104	1.927994	182.57
5.5598	1.931657	194.40
5.6129	1.944903	189.25
5.6598	1.926825	189.97
5.7159	1.917262	185.69
5.7645	1.914016	180.40
5.8169	1.902400	185.76
5.8704	1.914353	184.01
5.9198	1.912679	186.67
5.9704	1.913413	186.62
6.0198	1.917548	187.95
6.0734	1.913082	189.32
6.1214	1.910538	189.41
6.1705	1.909731	184.27
6.2198	1.906228	181.70
6.2789	1.904479	180.90
6.3304	1.912153	178.93
6.3799	1.916317	188.03
6.4328	1.919113	189.25
6.4804	1.922859	189.42
6.5306	1.916414	191.69
6.5799	1.908905	178.58
6.6304	1.901611	180.98
6.6870	1.897723	175.65
6.7398	1.908860	176.13
6.7905	1.905150	179.20
6.8399	1.910519	183.31
6.8932	1.921576	184.52
6.9411	1.904122	184.42
6.9904	1.915340	181.23
7.0459	1.908387	184.09
7.0968	1.905231	184.38
7.1414	1.905463	180.35
7.1999	1.893874	180.20
7.2504	1.905622	176.35
7.3014	1.893011	184.43
7.3506	1.905179	181.14
7.3999	1.911794	185.73
7.4540	1.903258	184.58
7.5000	1.914598	175.98
7.5504	1.899337	174.37
7.6105	1.908349	170.61
7.6599	1.915047	171.35
7.7129	1.907987	181.29
7.7599	1.921211	177.19
7.8140	1.909235	179.45
7.8624	1.901402	179.45
7.9129	1.908109	174.12
7.9599	1.899426	172.51
8.0208	1.909537	173.44
8.0704	1.906931	170.43
8.1198	1.901337	176.17
8.1704	1.904195	177.67
8.2245	1.897566	174.13
8.2724	1.897749	174.47
8.3275	1.895304	183.67
8.3704	1.890178	181.27
8.4298	1.885384	171.80
8.4799	1.887862	166.20
8.5306	1.883687	173.46
8.5804	1.894455	174.47
8.6310	1.890194	174.61
8.6799	1.890411	174.65
8.7304	1.891184	170.24
8.7802	1.882817	166.18
8.8360	1.894112	166.55
8.8904	1.895244	165.95
8.9399	1.899405	167.72
8.9904	1.897605	174.45
9.0440	1.889787	168.88
9.0904	1.880099	172.27
9.1465	1.886904	176.71
9.1930	1.888133	166.34
9.2498	1.883395	171.13
9.3002	1.893114	167.42
9.3532	1.886230	170.83
9.4014	1.860635	174.47
9.4541	1.874507	176.94
9.5002	1.900596	168.13
9.5504	1.924464	164.73
9.6099	1.962324	164.69
9.6598	1.979963	165.65
9.7130	1.980415	166.91
9.7610	1.954634	169.48
9.8130	1.922620	169.62
9.8598	1.901065	163.43
9.9129	1.860851	163.89
9.9699	1.853486	160.98
10.0198	1.867174	161.26
10.0704	1.861074	169.08
10.1241	1.871393	169.47
10.1704	1.861852	165.43
10.2198	1.863559	168.86
10.2753	1.858165	161.81
10.3299	1.853462	160.97
10.3799	1.868175	165.29
10.4331	1.869654	169.23
10.4803	1.868457	169.48
10.5301	1.866561	166.09
10.5799	1.862622	166.69
10.6372	1.862933	156.82
10.6898	1.870503	156.30
10.7399	1.865059	161.87
10.7929	1.859689	163.87
10.8443	1.855168	160.82
10.8906	1.843751	166.57
10.9445	1.847411	162.58
10.9988	1.837173	157.26
11.0498	1.834297	159.75
11.0998	1.839595	163.24
11.1504	1.836071	161.10
11.2003	1.835751	164.48
11.2541	1.833914	159.02
11.2998	1.834648	160.45
11.3573	1.834345	159.86
11.4098	1.847748	156.22
11.4599	1.843945	162.45
11.5104	1.836120	161.78
11.5598	1.831526	163.24
11.6131	1.825636	159.12
11.6614	1.824476	154.25
11.7182	1.830679	154.30
11.7666	1.837581	152.66
11.8199	1.837412	158.21
11.8704	1.842654	156.56
11.9198	1.832231	156.08
11.9704	1.830614	159.49
12.0243	1.827657	159.51
12.0704	1.819896	152.33
12.1198	1.765508	155.24
12.1798	1.509392	159.48
12.2303	1.203200	167.36
12.2704	0.790857	187.06
