# LRA Top-5 Frequency Peaks — Condensed Summary
# Source file: pitch_decrease_strong_220to110Hz.wav
# Generated:   2026-07-17 13:58:35
# Accel sample rate: 1518.9-1802.1 Hz per-window range (1632.6 Hz overall)
# Freq resolution:   5.01 Hz per bin (peaks below are quantized to this common grid;
#                    each window measured at its own real rate, then
#                    resampled here for cross-window comparability)
# Rows:        233
#
# For each time window, the top 5 frequency peaks by magnitude,
# sorted strongest first. Each peak is reported in BOTH units:
#   peakN_g  = linear amplitude in g (true physical intensity)
#   peakN_db = 20*log10(g) (compressed range — easier to compare
#              strong vs weak components, e.g. Shepard octave partners)
#
# NOTE: adjacent bins around one physical tone can both appear as
# separate 'peaks' — treat peaks within 1-2 bins of each other as
# the same component.
#
time_s	peak1_hz	peak1_g	peak1_db	peak2_hz	peak2_g	peak2_db	peak3_hz	peak3_g	peak3_db	peak4_hz	peak4_g	peak4_db	peak5_hz	peak5_g	peak5_db
0.4007	215.3	317.10753	50.0	220.4	186.98379	45.4	210.3	176.69357	44.9	350.6	81.53517	38.2	345.6	75.08673	37.5
0.4560	215.3	318.99810	50.1	220.4	192.32082	45.7	210.3	171.58837	44.7	350.6	75.80895	37.6	355.6	58.28759	35.3
0.5070	215.3	317.81661	50.0	210.3	208.36308	46.4	220.4	154.96444	43.8	350.6	77.99577	37.8	355.6	59.38601	35.5
0.5575	210.3	309.10720	49.8	215.3	262.43516	48.4	350.6	105.53407	40.5	205.3	78.56688	37.9	345.6	69.93853	36.9
0.6070	215.3	326.34446	50.3	220.4	240.56502	47.6	210.3	133.03435	42.5	360.6	114.17555	41.2	365.6	65.62375	36.3
0.6609	215.3	330.17718	50.4	210.3	214.58799	46.6	220.4	172.67956	44.7	360.6	84.84861	38.6	365.6	74.80241	37.5
0.7113	215.3	355.59721	51.0	210.3	242.89491	47.7	220.4	142.57677	43.1	365.6	72.48668	37.2	360.6	61.41709	35.8
0.7626	215.3	325.53821	50.3	210.3	287.57186	49.2	220.4	91.31209	39.2	365.6	70.82503	37.0	205.3	70.62784	37.0
0.8111	215.3	298.84549	49.5	220.4	287.06806	49.2	210.3	96.43297	39.7	375.6	91.00401	39.2	225.4	85.63197	38.7
0.8643	215.3	305.84534	49.7	210.3	289.59123	49.2	365.6	90.43421	39.1	220.4	90.37633	39.1	370.6	89.31067	39.0
0.9113	220.4	316.53206	50.0	215.3	280.90719	49.0	225.4	120.11587	41.6	210.3	70.91159	37.0	380.6	69.32103	36.8
0.9667	210.3	322.07223	50.2	215.3	225.74220	47.1	205.3	176.44373	44.9	220.4	67.72495	36.6	370.6	64.99615	36.3
1.0114	205.3	355.96155	51.0	210.3	194.10081	45.8	200.3	159.60619	44.1	365.6	62.25021	35.9	225.4	47.92927	33.6
1.0696	210.3	306.17475	49.7	205.3	251.03264	48.0	215.3	122.46205	41.8	375.6	71.07100	37.0	200.3	69.14801	36.8
1.1206	205.3	302.48092	49.6	200.3	261.36349	48.3	210.3	115.24955	41.2	195.3	75.84522	37.6	365.6	74.59588	37.5
1.1711	200.3	334.32429	50.5	205.3	231.41660	47.3	195.3	130.90989	42.3	365.6	84.70574	38.6	370.6	75.35289	37.5
1.2230	205.3	307.93807	49.8	210.3	252.17199	48.0	200.3	136.49468	42.7	215.3	83.88334	38.5	380.6	82.73273	38.4
1.2737	210.3	338.20791	50.6	205.3	206.43710	46.3	215.3	175.12316	44.9	390.6	82.14655	38.3	385.6	63.19791	36.0
1.3257	215.3	342.74216	50.7	210.3	290.89897	49.3	220.4	108.67510	40.7	395.6	83.59275	38.4	400.6	83.11409	38.4
1.3737	215.3	308.13610	49.8	210.3	271.04537	48.7	220.4	123.54010	41.8	205.3	91.37537	39.2	400.6	85.34363	38.6
1.4214	205.3	342.72775	50.7	210.3	215.52465	46.7	200.3	154.66481	43.8	390.6	89.71611	39.1	385.6	54.70155	34.8
1.4712	205.3	293.58377	49.4	200.3	268.55730	48.6	210.3	104.03074	40.3	385.6	91.96419	39.3	390.6	88.87043	39.0
1.5296	200.3	305.86197	49.7	195.3	254.95678	48.1	205.3	118.88577	41.5	380.6	89.75545	39.1	190.3	65.82453	36.4
1.5805	200.3	356.89389	51.1	195.3	228.84963	47.2	205.3	140.40292	42.9	385.6	96.20393	39.7	390.6	56.42427	35.0
1.6322	205.3	315.64078	50.0	210.3	226.82753	47.1	200.3	170.30186	44.6	400.6	78.64759	37.9	405.7	78.36769	37.9
1.6806	205.3	357.74283	51.1	200.3	232.88280	47.3	210.3	150.48424	43.5	400.6	69.81627	36.9	215.3	65.65291	36.3
1.7312	210.3	364.52306	51.2	205.3	212.35813	46.5	215.3	199.19701	46.0	415.7	48.63382	33.7	365.6	46.87432	33.4
1.7841	200.3	345.89305	50.8	195.3	221.26604	46.9	205.3	151.16782	43.6	350.6	53.13592	34.5	345.6	46.60799	33.4
1.8317	200.3	315.80825	50.0	195.3	276.49067	48.8	205.3	105.55086	40.5	190.3	68.86749	36.8	345.6	46.85826	33.4
1.8911	200.3	314.00599	49.9	205.3	217.66298	46.8	195.3	206.23787	46.3	210.3	95.37397	39.6	190.3	70.23115	36.9
1.9423	195.3	353.15707	51.0	190.3	193.08601	45.7	200.3	159.45988	44.1	215.3	73.14649	37.3	400.6	71.98409	37.1
1.9912	205.3	307.08114	49.7	200.3	277.24892	48.9	210.3	117.44801	41.4	195.3	74.66555	37.5	415.7	61.42728	35.8
2.0405	200.3	313.29318	49.9	205.3	270.79940	48.7	195.3	139.33021	42.9	210.3	75.28039	37.5	415.7	66.04751	36.4
2.0911	200.3	322.58319	50.2	195.3	290.45163	49.3	205.3	80.39636	38.1	415.7	68.89078	36.8	410.7	62.61163	35.9
2.1410	195.3	322.67195	50.2	190.3	200.49889	46.0	200.3	176.46733	44.9	410.7	79.43833	38.0	185.3	53.54524	34.6
2.1947	190.3	323.39967	50.2	195.3	289.80296	49.2	185.3	100.28631	40.0	405.7	77.03887	37.7	380.6	57.56283	35.2
2.2474	190.3	359.89982	51.1	195.3	278.40978	48.9	185.3	89.81223	39.1	410.7	67.44529	36.6	405.7	51.54370	34.2
2.2996	195.3	335.67563	50.5	190.3	211.42826	46.5	200.3	180.87086	45.1	415.7	70.00236	36.9	420.7	62.31621	35.9
2.3506	195.3	346.23649	50.8	190.3	250.22833	48.0	200.3	134.28702	42.6	420.7	80.23138	38.1	185.3	66.47864	36.5
2.4005	190.3	343.64493	50.7	185.3	269.69092	48.6	195.3	95.79517	39.6	410.7	68.13823	36.7	180.3	58.38865	35.3
2.4512	195.3	375.65660	51.5	190.3	229.95653	47.2	200.3	164.46744	44.3	425.7	71.81049	37.1	390.6	60.42541	35.6
2.5006	195.3	320.53518	50.1	200.3	255.69325	48.2	190.3	137.28063	42.8	435.7	76.40783	37.7	205.3	69.42431	36.8
2.5535	200.3	313.74349	49.9	195.3	304.77697	49.7	205.3	83.23684	38.4	190.3	81.74886	38.2	440.7	80.90449	38.2
2.6021	190.3	333.69924	50.5	195.3	199.10193	46.0	185.3	184.41683	45.3	425.7	70.05890	36.9	380.6	61.54995	35.8
2.6511	195.3	320.57017	50.1	190.3	255.82488	48.2	200.3	150.45876	43.5	185.3	69.00268	36.8	435.7	66.07087	36.4
2.7074	190.3	294.32340	49.4	185.3	276.21886	48.8	195.3	90.30410	39.1	180.3	83.34335	38.4	425.7	80.38386	38.1
2.7557	185.3	374.79645	51.5	190.3	233.94505	47.4	180.3	135.55669	42.6	425.7	73.95563	37.4	55.1	53.67951	34.6
2.8096	190.3	365.16514	51.2	195.3	205.40363	46.3	185.3	179.84830	45.1	440.7	74.23156	37.4	435.7	64.64162	36.2
2.8611	185.3	290.14323	49.3	190.3	271.45196	48.7	180.3	129.48856	42.2	195.3	125.31854	42.0	175.3	62.69515	35.9
2.9111	180.3	343.04730	50.7	185.3	199.34980	46.0	175.3	168.82377	44.5	420.7	57.33906	35.2	195.3	53.84792	34.6
2.9619	190.3	325.05573	50.2	195.3	204.76238	46.2	185.3	193.00432	45.7	180.3	70.62483	37.0	445.7	61.21114	35.7
3.0128	190.3	328.20922	50.3	185.3	234.89275	47.4	195.3	161.98760	44.2	445.7	56.45244	35.0	450.7	53.37155	34.5
3.0606	190.3	342.64654	50.7	195.3	283.52613	49.1	185.3	113.62487	41.1	455.7	71.47008	37.1	460.7	54.88922	34.8
3.1131	185.3	338.74009	50.6	190.3	232.08198	47.3	180.3	144.65762	43.2	445.7	92.48286	39.3	75.1	59.36691	35.5
3.1606	185.3	358.83244	51.1	190.3	261.62314	48.4	180.3	122.35253	41.8	450.7	77.07434	37.7	75.1	51.94947	34.3
3.2171	185.3	358.32271	51.1	180.3	195.14783	45.8	190.3	183.03273	45.3	450.7	68.25576	36.7	445.7	62.62358	35.9
3.2648	180.3	369.92431	51.4	185.3	184.43995	45.3	175.3	183.72228	45.3	440.7	80.11987	38.1	80.1	59.52449	35.5
3.3184	185.3	369.59276	51.4	180.3	199.69294	46.0	190.3	175.74903	44.9	455.7	75.68710	37.6	450.7	60.16826	35.6
3.3712	185.3	304.18357	49.7	180.3	274.44965	48.8	190.3	113.47098	41.1	175.3	89.85429	39.1	450.7	76.60721	37.7
3.4210	180.3	325.91512	50.3	185.3	312.71096	49.9	175.3	92.01788	39.3	455.7	76.76328	37.7	190.3	76.30620	37.7
3.4711	185.3	342.86011	50.7	180.3	207.48962	46.3	190.3	180.72520	45.1	465.7	60.94035	35.7	460.7	60.75232	35.7
3.5229	185.3	348.18769	50.8	190.3	237.32637	47.5	180.3	159.46465	44.1	470.8	62.66721	35.9	100.2	51.74409	34.3
3.5712	185.3	312.42577	49.9	180.3	276.40255	48.8	190.3	110.30683	40.9	465.7	81.82879	38.3	175.3	68.04098	36.7
3.6211	185.3	306.90509	49.7	190.3	286.55445	49.1	180.3	105.50692	40.5	195.3	95.74311	39.6	480.8	73.15513	37.3
3.6742	180.3	342.98200	50.7	185.3	252.24089	48.0	175.3	131.15697	42.4	465.7	71.53119	37.1	470.8	57.00652	35.1
3.7206	175.3	323.33846	50.2	180.3	250.69302	48.0	170.3	130.14890	42.3	455.7	61.91608	35.8	185.3	60.58956	35.6
3.7749	180.3	308.39341	49.8	175.3	267.31133	48.5	185.3	110.44275	40.9	170.3	70.55981	37.0	465.7	68.82326	36.8
3.8296	175.3	378.69021	51.6	170.3	215.27103	46.7	180.3	153.44553	43.7	455.7	78.56228	37.9	460.7	68.63293	36.7
3.8810	180.3	326.85772	50.3	175.3	264.53691	48.4	185.3	118.97403	41.5	470.8	79.97136	38.1	115.2	61.79628	35.8
3.9311	180.3	302.99200	49.6	185.3	222.08825	46.9	175.3	188.66019	45.5	190.3	96.42928	39.7	170.3	80.72809	38.1
3.9806	180.3	347.97527	50.8	185.3	215.37209	46.7	175.3	181.81962	45.2	170.3	61.06386	35.7	190.3	57.52752	35.2
4.0312	180.3	328.83538	50.3	185.3	270.90928	48.7	175.3	103.40439	40.3	190.3	75.11208	37.5	490.8	73.11690	37.3
4.0806	175.3	345.00448	50.8	180.3	236.32437	47.5	170.3	147.38772	43.4	475.8	77.24228	37.8	125.2	62.56175	35.9
4.1312	180.3	301.27758	49.6	175.3	281.44857	49.0	185.3	116.51737	41.3	170.3	92.90919	39.4	485.8	66.32832	36.4
4.1864	170.3	365.66537	51.3	175.3	231.42989	47.3	165.3	145.08023	43.2	470.8	57.88587	35.3	465.7	51.77798	34.3
4.2334	170.3	350.37587	50.9	175.3	209.31085	46.4	165.3	169.63801	44.6	180.3	59.20777	35.4	470.8	57.97064	35.3
4.2908	175.3	361.69913	51.2	170.3	278.49154	48.9	180.3	93.01516	39.4	165.3	54.75870	34.8	480.8	43.03718	32.7
4.3410	170.3	316.70684	50.0	175.3	254.77108	48.1	165.3	125.71704	42.0	180.3	68.76351	36.7	480.8	59.17767	35.4
4.3911	175.3	337.57614	50.6	170.3	278.19791	48.9	180.3	108.22657	40.7	485.8	64.57567	36.2	140.2	53.66881	34.6
4.4410	175.3	328.50866	50.3	180.3	212.17026	46.5	170.3	176.43676	44.9	495.8	60.84272	35.7	185.3	52.76347	34.4
4.4959	175.3	337.35208	50.6	170.3	251.21523	48.0	180.3	131.38170	42.4	495.8	69.50346	36.8	145.2	50.28894	34.0
4.5431	175.3	319.00546	50.1	180.3	307.76223	49.8	170.3	75.21739	37.5	185.3	74.53174	37.4	150.2	62.05814	35.9
4.5946	170.3	352.87539	51.0	175.3	243.43573	47.7	165.3	152.55149	43.7	180.3	68.15283	36.7	495.8	56.61655	35.1
4.6406	165.3	304.68092	49.7	170.3	254.70083	48.1	160.3	132.47127	42.4	175.3	94.30430	39.5	495.8	51.80405	34.3
4.7000	170.3	360.02463	51.1	165.3	214.05979	46.6	175.3	176.83146	45.0	160.3	46.75106	33.4	495.8	43.65228	32.8
4.7511	165.3	300.87710	49.6	160.3	266.02258	48.5	170.3	95.04627	39.6	155.2	78.67024	37.9	490.8	62.79679	36.0
4.8006	165.3	368.58765	51.3	160.3	199.66430	46.0	170.3	184.62059	45.3	495.8	70.66040	37.0	490.8	65.71819	36.4
4.8545	165.3	313.18092	49.9	170.3	270.82558	48.7	160.3	122.53067	41.8	175.3	74.51942	37.4	495.8	62.42283	35.9
4.9015	165.3	314.50092	50.0	170.3	209.30113	46.4	160.3	160.38181	44.1	175.3	96.23006	39.7	155.2	62.73681	36.0
4.9579	170.3	299.06627	49.5	165.3	246.50763	47.8	175.3	115.89903	41.3	335.5	70.98923	37.0	340.5	63.86564	36.1
5.0105	165.3	309.07162	49.8	170.3	214.03041	46.6	160.3	164.06776	44.3	175.3	88.12979	38.9	335.5	70.90496	37.0
5.0605	165.3	323.07489	50.2	160.3	254.63387	48.1	170.3	114.23834	41.2	495.8	76.24686	37.6	490.8	70.59229	37.0
5.1111	165.3	316.67983	50.0	170.3	281.94376	49.0	160.3	118.15640	41.4	175.3	106.13985	40.5	180.3	49.48051	33.9
5.1606	165.3	298.20546	49.5	170.3	282.45364	49.0	160.3	108.28307	40.7	175.3	103.23711	40.3	345.6	41.27184	32.3
5.2136	170.3	291.39962	49.3	165.3	291.09658	49.3	175.3	98.38737	39.9	160.3	93.69321	39.4	350.6	50.69567	34.1
5.2633	170.3	346.94588	50.8	165.3	241.08771	47.6	175.3	148.65757	43.4	160.3	57.29050	35.2	355.6	48.34684	33.7
5.3136	165.3	315.63290	50.0	160.3	274.94279	48.8	170.3	107.28054	40.6	490.8	65.88659	36.4	155.2	62.62398	35.9
5.3608	160.3	300.63119	49.6	165.3	272.19256	48.7	155.2	104.56040	40.4	170.3	81.22136	38.2	485.8	63.13049	36.0
5.4205	160.3	294.99343	49.4	165.3	287.53030	49.2	170.3	88.11379	38.9	155.2	85.30152	38.6	485.8	65.71290	36.4
5.4710	160.3	344.59782	50.7	155.2	233.76986	47.4	165.3	142.71820	43.1	480.8	59.60513	35.5	475.8	52.91907	34.5
5.5210	160.3	331.23909	50.4	165.3	293.83504	49.4	155.2	84.02654	38.5	485.8	66.29785	36.4	170.3	53.08494	34.5
5.5711	165.3	333.26275	50.5	170.3	271.13245	48.7	160.3	119.57102	41.6	175.3	52.90005	34.5	495.8	47.36428	33.5
5.6258	165.3	347.41621	50.8	170.3	252.21340	48.0	160.3	139.13315	42.9	495.8	52.40391	34.4	175.3	41.19119	32.3
5.6711	155.2	298.11927	49.5	160.3	289.92334	49.2	150.2	88.91571	39.0	165.3	66.46103	36.5	475.8	63.45874	36.0
5.7210	160.3	364.74847	51.2	165.3	268.02799	48.6	155.2	109.76237	40.8	485.8	68.47825	36.7	480.8	42.78335	32.6
5.7809	155.2	374.58834	51.5	160.3	225.16655	47.1	150.2	143.90296	43.2	465.7	60.58919	35.6	470.8	54.11507	34.7
5.8310	155.2	340.51294	50.6	160.3	224.86366	47.0	150.2	151.39458	43.6	470.8	55.32826	34.9	465.7	46.50361	33.3
5.8832	160.3	329.72878	50.4	155.2	291.58794	49.3	165.3	78.76160	37.9	150.2	73.12415	37.3	475.8	49.76812	33.9
5.9315	160.3	303.80894	49.7	165.3	292.17595	49.3	170.3	90.41420	39.1	155.2	88.29817	38.9	485.8	51.89949	34.3
5.9856	165.3	333.28570	50.5	160.3	256.75133	48.2	170.3	137.62700	42.8	155.2	53.08394	34.5	490.8	50.06441	34.0
6.0315	155.2	325.60834	50.3	150.2	208.29263	46.4	160.3	155.41789	43.8	465.7	55.90923	34.9	460.7	45.21987	33.1
6.0810	155.2	331.55425	50.4	160.3	308.10235	49.8	150.2	70.03386	36.9	165.3	61.05068	35.7	470.8	59.65683	35.5
6.1409	155.2	321.47352	50.1	150.2	240.29567	47.6	160.3	133.19993	42.5	460.7	63.90930	36.1	145.2	54.41835	34.7
6.1912	150.2	300.65789	49.6	155.2	289.36732	49.2	145.2	90.62577	39.1	160.3	67.00606	36.5	460.7	56.02586	35.0
6.2409	155.2	377.42405	51.5	160.3	210.49961	46.5	150.2	164.29581	44.3	465.7	66.40967	36.4	470.8	44.05380	32.9
6.2914	155.2	349.41290	50.9	160.3	206.23646	46.3	150.2	175.73704	44.9	465.7	57.18067	35.1	470.8	52.51065	34.4
6.3456	160.3	338.22918	50.6	155.2	280.63750	49.0	165.3	114.17997	41.2	150.2	60.07505	35.6	475.8	58.67729	35.4
6.3953	160.3	317.38426	50.0	155.2	295.84777	49.4	165.3	87.24197	38.8	150.2	83.13143	38.4	475.8	52.26434	34.4
6.4407	150.2	320.90860	50.1	155.2	222.62492	47.0	145.2	145.21576	43.2	160.3	61.93533	35.8	455.7	50.53068	34.1
6.4915	155.2	338.79640	50.6	150.2	301.99442	49.6	160.3	80.75423	38.1	460.7	63.35691	36.0	145.2	51.79707	34.3
6.5500	150.2	312.71274	49.9	145.2	258.74285	48.3	155.2	111.27660	40.9	140.2	62.61122	35.9	445.7	50.87647	34.1
6.6009	150.2	307.18064	49.7	145.2	254.40888	48.1	155.2	103.88539	40.3	140.2	69.52498	36.8	445.7	58.73949	35.4
6.6515	150.2	356.29028	51.0	155.2	274.64053	48.8	145.2	98.22236	39.8	455.7	66.38783	36.4	160.3	47.99075	33.6
6.7009	155.2	328.28847	50.3	150.2	205.53473	46.3	160.3	182.63194	45.2	145.2	60.89194	35.7	465.7	56.00946	35.0
6.7549	155.2	358.66225	51.1	150.2	216.97635	46.7	160.3	172.74191	44.7	465.7	50.61392	34.1	460.7	47.69655	33.6
6.8015	155.2	353.63176	51.0	150.2	235.10007	47.4	160.3	150.92484	43.6	460.7	55.93033	35.0	465.7	49.90219	34.0
6.8513	150.2	320.76850	50.1	155.2	247.78598	47.9	145.2	134.46879	42.6	455.7	68.84146	36.8	160.3	62.15088	35.9
6.9009	150.2	307.17280	49.7	155.2	270.43445	48.6	145.2	126.80933	42.1	160.3	84.81749	38.6	455.7	61.54022	35.8
6.9577	145.2	319.02725	50.1	140.2	208.02627	46.4	150.2	150.67445	43.6	435.7	51.90184	34.3	430.7	50.14492	34.0
7.0032	145.2	315.86281	50.0	140.2	243.36922	47.7	150.2	117.17207	41.4	430.7	62.78701	36.0	135.2	51.84266	34.3
7.0609	150.2	328.49814	50.3	145.2	217.70930	46.8	155.2	169.74539	44.6	450.7	64.90434	36.2	445.7	50.27883	34.0
7.1115	145.2	324.58630	50.2	140.2	221.09860	46.9	150.2	147.81139	43.4	435.7	60.70078	35.7	430.7	53.79671	34.6
7.1609	150.2	334.55454	50.5	155.2	199.03547	46.0	145.2	191.67200	45.7	450.7	60.45668	35.6	445.7	48.13918	33.6
7.2131	145.2	323.61726	50.2	150.2	238.68122	47.6	140.2	125.17174	42.0	155.2	64.40536	36.2	440.7	55.61987	34.9
7.2609	145.2	319.63726	50.1	150.2	263.89011	48.4	140.2	119.57747	41.6	155.2	82.60355	38.3	440.7	63.91635	36.1
7.3152	150.2	306.75025	49.7	145.2	263.21940	48.4	155.2	122.82833	41.8	140.2	80.35811	38.1	445.7	59.11352	35.4
7.3650	145.2	331.01434	50.4	140.2	231.84495	47.3	150.2	144.42712	43.2	430.7	61.48546	35.8	135.2	55.63329	34.9
7.4152	145.2	346.94739	50.8	140.2	197.70877	45.9	150.2	175.68465	44.9	435.7	58.39704	35.3	155.2	43.43190	32.8
7.4688	145.2	364.07076	51.2	140.2	234.58504	47.4	150.2	132.06202	42.4	155.2	48.78206	33.8	135.2	47.94288	33.6
7.5199	145.2	371.21447	51.4	150.2	210.84193	46.5	140.2	166.22582	44.4	435.7	61.96719	35.8	440.7	44.24670	32.9
7.5710	145.2	317.45278	50.0	140.2	217.56186	46.8	150.2	184.01713	45.3	135.2	63.16629	36.0	155.2	60.12196	35.6
7.6209	145.2	326.12708	50.3	140.2	224.99445	47.0	150.2	164.38198	44.3	135.2	63.68101	36.1	430.7	42.96180	32.7
7.6715	145.2	319.16172	50.1	140.2	214.19947	46.6	150.2	188.66933	45.5	135.2	70.85607	37.0	155.2	55.05695	34.8
7.7209	145.2	306.75265	49.7	150.2	301.04362	49.6	155.2	111.16231	40.9	140.2	54.05605	34.7	445.7	53.87688	34.6
7.7725	145.2	332.85685	50.4	140.2	210.57370	46.5	150.2	180.49834	45.1	135.2	88.03463	38.9	155.2	77.23120	37.8
7.8209	145.2	357.75821	51.1	140.2	222.91744	47.0	150.2	165.73231	44.4	435.7	55.89152	34.9	135.2	53.18443	34.5
7.8715	140.2	363.90726	51.2	145.2	219.47775	46.8	135.2	159.78379	44.1	420.7	62.27414	35.9	425.7	59.38400	35.5
7.9206	145.2	309.73468	49.8	140.2	269.61445	48.6	150.2	118.62214	41.5	135.2	81.20616	38.2	430.7	68.71397	36.7
7.9779	135.2	296.25564	49.4	140.2	276.43351	48.8	130.2	98.18794	39.8	145.2	81.24127	38.2	410.7	54.51101	34.7
8.0225	135.2	321.48992	50.1	140.2	195.62046	45.8	130.2	165.53811	44.4	405.7	49.26580	33.9	410.7	42.17657	32.5
8.0799	140.2	321.79282	50.2	145.2	198.83565	46.0	135.2	176.61659	44.9	420.7	51.82819	34.3	150.2	44.02428	32.9
8.1310	135.2	314.32248	49.9	140.2	247.46426	47.9	130.2	115.23499	41.2	410.7	53.71127	34.6	145.2	52.21954	34.4
8.1809	135.2	314.72713	50.0	130.2	176.74760	44.9	140.2	174.80207	44.9	405.7	41.58897	32.4	435.7	38.47557	31.7
8.2310	140.2	325.07652	50.2	145.2	203.48657	46.2	135.2	169.76845	44.6	420.7	45.97093	33.2	455.7	40.07880	32.1
8.2809	140.2	341.93392	50.7	145.2	213.32736	46.6	135.2	158.19041	44.0	420.7	43.30233	32.7	460.7	39.67169	32.0
8.3315	140.2	308.63412	49.8	135.2	228.93292	47.2	145.2	137.95497	42.8	130.2	56.99081	35.1	415.7	44.86245	33.0
8.3810	140.2	335.68366	50.5	135.2	206.17387	46.3	145.2	158.19910	44.0	130.2	37.68605	31.5	420.7	36.31763	31.2
8.4327	135.2	327.33481	50.3	140.2	181.49188	45.2	130.2	167.87826	44.5	145.2	41.84051	32.4	405.7	35.03467	30.9
8.4810	135.2	350.13823	50.9	130.2	209.75650	46.4	140.2	143.16404	43.1	405.7	46.29034	33.3	400.6	35.78660	31.1
8.5365	135.2	283.59642	49.1	140.2	232.76557	47.3	130.2	116.67286	41.3	145.2	63.87218	36.1	410.7	43.17118	32.7
8.5874	135.2	290.56768	49.3	140.2	233.27413	47.4	130.2	116.98533	41.4	145.2	57.92386	35.3	465.7	32.52160	30.2
8.6349	140.2	287.09881	49.2	135.2	187.68827	45.5	145.2	162.28288	44.2	130.2	47.48032	33.5	420.7	37.15568	31.4
8.6815	140.2	284.60446	49.1	135.2	185.96110	45.4	145.2	166.94390	44.5	130.2	48.07646	33.6	420.7	37.69769	31.5
8.7311	135.2	270.94401	48.7	130.2	211.52925	46.5	140.2	118.48553	41.5	125.2	51.59184	34.3	400.6	41.70291	32.4
8.7821	130.2	264.05588	48.4	135.2	232.31457	47.3	125.2	82.55170	38.3	140.2	53.39999	34.6	460.7	40.14695	32.1
8.8384	135.2	257.91099	48.2	130.2	206.50769	46.3	140.2	111.08557	40.9	125.2	66.25370	36.4	400.6	39.93739	32.0
8.8865	135.2	303.79733	49.7	130.2	181.63136	45.2	140.2	133.18064	42.5	270.4	36.19512	31.2	405.7	32.57692	30.3
8.9328	140.2	278.26493	48.9	135.2	197.76355	45.9	145.2	112.16068	41.0	130.2	44.90998	33.0	280.5	37.82729	31.6
8.9810	130.2	238.42837	47.5	135.2	185.10099	45.3	125.2	100.04928	40.0	140.2	47.95501	33.6	265.4	44.66672	33.0
9.0310	130.2	240.78283	47.6	135.2	166.48845	44.4	125.2	127.99489	42.1	260.4	48.79371	33.8	140.2	44.75399	33.0
9.0893	130.2	234.13877	47.4	125.2	145.20655	43.2	135.2	125.79537	42.0	260.4	52.91809	34.5	390.6	35.83319	31.1
9.1356	130.2	241.19512	47.6	135.2	202.77516	46.1	125.2	77.09468	37.7	265.4	48.73184	33.8	395.6	38.58651	31.7
9.1838	135.2	250.95834	48.0	140.2	219.96330	46.8	130.2	80.81967	38.2	275.4	52.88338	34.5	410.7	45.31407	33.1
9.2310	135.2	234.22964	47.4	130.2	169.11112	44.6	140.2	126.23415	42.0	270.4	58.34881	35.3	265.4	45.05390	33.1
9.2809	130.2	202.81031	46.1	125.2	191.95041	45.7	135.2	84.15141	38.5	120.2	67.69414	36.6	255.4	57.54558	35.2
9.3311	125.2	204.57528	46.2	130.2	173.03503	44.8	120.2	76.67788	37.7	255.4	57.83431	35.2	135.2	52.32282	34.4
9.3872	130.2	229.35450	47.2	125.2	143.69221	43.1	135.2	114.48826	41.2	260.4	55.60209	34.9	255.4	37.32925	31.4
9.4348	130.2	227.48314	47.1	125.2	127.89752	42.1	135.2	113.64036	41.1	260.4	60.05516	35.6	255.4	43.37752	32.7
9.4816	135.2	193.35190	45.7	130.2	167.68763	44.5	140.2	73.60683	37.3	265.4	60.89810	35.7	125.2	57.90405	35.3
9.5311	125.2	179.03305	45.1	130.2	173.45243	44.8	255.4	73.90250	37.4	120.2	65.15582	36.3	135.2	59.73505	35.5
9.5810	125.2	208.14089	46.4	130.2	147.60930	43.4	120.2	97.06238	39.7	255.4	61.10408	35.7	250.4	57.34512	35.2
9.6376	125.2	196.49001	45.9	120.2	184.58988	45.3	245.4	66.51189	36.5	130.2	58.32626	35.3	115.2	44.38219	32.9
9.6859	130.2	198.19697	45.9	125.2	178.64605	45.0	255.4	74.65720	37.5	135.2	52.33427	34.4	260.4	47.30837	33.5
9.7399	130.2	188.83264	45.5	135.2	161.67840	44.2	125.2	82.54787	38.3	265.4	63.74764	36.1	260.4	59.32460	35.5
9.7810	130.2	189.09657	45.5	125.2	134.84106	42.6	135.2	107.82862	40.7	260.4	73.44821	37.3	255.4	58.75766	35.4
9.8310	125.2	191.05241	45.6	130.2	152.17628	43.6	120.2	71.51627	37.1	255.4	65.15294	36.3	250.4	55.45661	34.9
9.8809	120.2	172.28055	44.7	125.2	170.93736	44.7	245.4	69.17404	36.8	115.2	59.53566	35.5	130.2	57.33271	35.2
9.9368	125.2	201.96271	46.1	120.2	128.62582	42.2	130.2	102.07050	40.2	250.4	74.06056	37.4	245.4	62.18690	35.9
9.9855	125.2	205.08098	46.2	130.2	146.39875	43.3	250.4	72.23981	37.2	120.2	69.78612	36.9	255.4	66.47393	36.5
10.0320	125.2	197.28802	45.9	120.2	136.36134	42.7	130.2	99.48883	40.0	250.4	70.03553	36.9	245.4	63.92832	36.1
10.0810	125.2	200.49901	46.0	120.2	145.33702	43.2	130.2	86.73385	38.8	250.4	73.26859	37.3	245.4	68.03295	36.7
10.1385	125.2	213.07012	46.6	120.2	131.81748	42.4	130.2	99.88426	40.0	250.4	78.86606	37.9	245.4	60.19075	35.6
10.1865	125.2	214.95910	46.6	120.2	123.02059	41.8	130.2	105.43870	40.5	250.4	85.41698	38.6	245.4	57.87118	35.2
10.2320	130.2	194.33468	45.8	125.2	165.67407	44.4	255.4	80.19144	38.1	135.2	70.98591	37.0	260.4	65.36886	36.3
10.2809	125.2	185.47663	45.4	130.2	136.79212	42.7	120.2	99.25381	39.9	250.4	85.22237	38.6	255.4	68.58475	36.7
10.3310	120.2	206.36799	46.3	115.2	136.62988	42.7	240.4	86.45755	38.7	125.2	83.95754	38.5	235.4	73.12429	37.3
10.3810	120.2	178.02184	45.0	115.2	146.40088	43.3	235.4	87.00366	38.8	125.2	63.41131	36.0	240.4	63.28696	36.0
10.4399	120.2	178.86218	45.1	115.2	152.89541	43.7	235.4	87.66511	38.9	125.2	59.60249	35.5	240.4	59.22841	35.5
10.4910	120.2	169.27764	44.6	115.2	164.31308	44.3	235.4	86.78029	38.8	125.2	52.42498	34.4	240.4	51.86987	34.3
10.5410	120.2	187.27804	45.4	115.2	124.63260	41.9	240.4	88.22767	38.9	125.2	87.09076	38.8	235.4	61.94962	35.8
10.5910	120.2	176.78604	44.9	125.2	157.34751	43.9	245.4	89.26370	39.0	240.4	77.07619	37.7	115.2	53.09514	34.5
10.6421	120.2	187.02450	45.4	125.2	152.06937	43.6	245.4	84.07893	38.5	115.2	80.30790	38.1	240.4	77.83307	37.8
10.6915	120.2	181.23663	45.2	240.4	112.40710	41.0	125.2	106.72346	40.6	115.2	103.40655	40.3	245.4	61.54966	35.8
10.7410	120.2	174.20546	44.8	125.2	168.54112	44.5	245.4	109.59539	40.8	240.4	66.46607	36.5	250.4	55.08740	34.8
10.7943	120.2	176.90640	45.0	125.2	118.06079	41.4	240.4	107.85528	40.7	115.2	88.00334	38.9	245.4	72.72113	37.2
10.8410	120.2	187.87107	45.5	125.2	143.44057	43.1	245.4	102.01259	40.2	240.4	96.65864	39.7	115.2	64.20722	36.2
10.8935	120.2	189.96081	45.6	125.2	117.13450	41.4	240.4	101.83771	40.2	115.2	94.46576	39.5	245.4	70.75099	37.0
10.9408	120.2	192.41605	45.7	125.2	139.04359	42.9	240.4	93.82234	39.4	245.4	93.46962	39.4	115.2	71.17112	37.0
10.9949	120.2	171.18195	44.7	115.2	141.99295	43.0	235.4	103.16821	40.3	240.4	92.64930	39.3	125.2	67.90353	36.6
11.0410	115.2	189.90709	45.6	230.4	108.24250	40.7	110.2	105.55980	40.5	120.2	98.25472	39.8	225.4	71.93870	37.1
11.0974	115.2	183.08482	45.3	120.2	122.58315	41.8	230.4	101.33279	40.1	235.4	91.09769	39.2	110.2	76.67665	37.7
11.1505	115.2	163.47745	44.3	110.2	142.01976	43.0	225.4	104.23715	40.4	230.4	69.74791	36.9	220.4	54.03381	34.7
11.2009	115.2	166.69445	44.4	120.2	132.54891	42.4	235.4	106.46114	40.5	230.4	103.97975	40.3	110.2	70.16117	36.9
11.2511	115.2	161.17352	44.1	120.2	157.16203	43.9	235.4	108.79678	40.7	230.4	72.63941	37.2	240.4	59.87083	35.5
11.3005	115.2	168.73091	44.5	120.2	150.96012	43.6	235.4	102.91126	40.2	230.4	83.10195	38.4	110.2	57.26517	35.2
11.3511	115.2	169.89529	44.6	120.2	167.93051	44.5	235.4	116.45985	41.3	230.4	69.18790	36.8	240.4	60.26568	35.6
11.4009	115.2	178.00206	45.0	230.4	120.08660	41.6	110.2	109.65867	40.8	120.2	94.50003	39.5	225.4	69.98857	36.9
11.4510	115.2	177.73935	45.0	120.2	150.61084	43.6	235.4	107.90934	40.7	230.4	88.89726	39.0	110.2	61.86844	35.8
11.5049	115.2	183.47711	45.3	120.2	147.47168	43.4	235.4	106.31749	40.5	230.4	92.99987	39.4	110.2	61.56493	35.8
11.5517	115.2	191.02805	45.6	120.2	124.81037	41.9	230.4	107.46055	40.6	235.4	88.24293	38.9	110.2	82.43017	38.3
11.6010	115.2	168.68604	44.5	110.2	133.79945	42.5	225.4	117.38139	41.4	230.4	102.18714	40.2	120.2	74.60942	37.5
11.6510	115.2	166.05621	44.4	110.2	128.72360	42.2	225.4	118.94682	41.5	230.4	108.88308	40.7	120.2	70.85077	37.0
11.7077	115.2	182.20427	45.2	230.4	124.06074	41.9	110.2	100.24275	40.0	120.2	97.10659	39.7	225.4	78.74671	37.9
11.7547	115.2	180.86647	45.1	230.4	121.54785	41.7	120.2	102.46482	40.2	110.2	100.66001	40.1	235.4	76.48963	37.7
11.8016	115.2	155.16510	43.8	120.2	111.87100	41.0	230.4	109.34422	40.8	110.2	96.62597	39.7	235.4	88.83173	39.0
11.8513	110.2	151.85944	43.6	115.2	118.01073	41.4	225.4	102.86400	40.2	220.4	85.51740	38.6	105.2	77.52295	37.8
11.9010	110.2	175.02057	44.9	220.4	133.19008	42.5	115.2	94.20430	39.5	105.2	83.21260	38.4	225.4	79.47497	38.0
11.9599	110.2	175.28498	44.9	220.4	131.75650	42.4	105.2	104.82124	40.4	215.3	97.50298	39.8	115.2	80.54383	38.1
12.0110	110.2	168.33134	44.5	220.4	121.96864	41.7	215.3	112.82688	41.0	105.2	112.50495	41.0	115.2	66.85474	36.5
12.0610	110.2	149.71313	43.5	115.2	143.84272	43.2	225.4	119.20009	41.5	220.4	95.16225	39.6	230.4	75.70591	37.6
12.1111	110.2	174.48717	44.8	115.2	127.37853	42.1	220.4	126.40458	42.0	225.4	111.51849	40.9	105.2	76.51140	37.7
12.1615	115.2	160.28828	44.1	120.2	125.40391	42.0	230.4	113.14909	41.1	235.4	101.32466	40.1	110.2	84.77930	38.6
12.2115	120.2	90.61668	39.1	125.2	84.71818	38.6	115.2	66.97711	36.5	130.2	56.99276	35.1	245.4	54.69811	34.8
