# LRA Stimulus Response — Time Series Data
# Source file:      pitch_increase_strong_220to440Hz.wav
# Generated:        2026-07-17 13:59:04
# Stimulus duration:12.000 s
# Analysis window:  0.407s to 12.255s (clipped 0.4s at start, 0.8s+ at end,
#                    plus automatic trim of any trailing cutoff-ring artifact)
# Accel sample rate: 1557.6-1873.7 Hz (range across windows; 1644.3 Hz overall for this recording)
#                    peak_freq_hz below uses EACH WINDOW'S OWN rate (spread: 316.1 Hz) for maximum accuracy per instant
# FFT window size:  200 ms (328 samples)
# FFT step size:    50 ms
# FFT freq resolution: ~5.01 Hz per bin (at overall rate)
# LRA resonance:    210 Hz (free-air, characterized separately)
# Rows:             233
#
# To recreate plot in Python:
#   import numpy as np, matplotlib.pyplot as plt
#   data = np.loadtxt('filename.txt', delimiter='	', comments='#')
#   t, rms, freq = data[:,0], data[:,1], data[:,2]
#   fig, (ax1, ax2) = plt.subplots(2,1, sharex=True)
#   ax1.plot(t, rms);  ax1.set_ylabel('RMS Acceleration (g)')
#   ax2.plot(t, freq); ax2.set_ylabel('Dominant Frequency (Hz)')
#   plt.show()
#
# Columns:
# time_s	rms_g	peak_freq_hz
0.4065	1.817415	225.19
0.4598	1.801485	225.40
0.5102	1.785899	219.98
0.5600	1.800560	223.81
0.6105	1.800707	224.38
0.6652	1.810855	223.51
0.7146	1.812150	224.56
0.7652	1.813673	228.79
0.8147	1.809188	227.01
0.8700	1.802536	228.78
0.9216	1.798508	224.67
0.9726	1.782321	228.83
1.0233	1.790984	229.85
1.0748	1.784978	231.13
1.1254	1.784457	231.95
1.1754	1.778582	234.26
1.2285	1.777082	234.18
1.2748	1.774515	233.85
1.3300	1.776808	237.28
1.3810	1.785078	233.18
1.4302	1.778361	236.34
1.4800	1.774089	234.96
1.5325	1.763623	233.98
1.5852	1.763498	233.18
1.6347	1.759905	238.66
1.6853	1.755833	241.27
1.7372	1.760161	240.06
1.7877	1.756615	238.52
1.8402	1.751164	240.97
1.8921	1.765398	239.32
1.9399	1.749834	249.37
1.9918	1.767249	245.89
2.0447	1.763961	242.76
2.0948	1.761088	241.77
2.1453	1.778718	253.53
2.1985	1.774861	247.60
2.2501	1.744445	248.27
2.3001	1.776241	252.63
2.3519	1.703859	254.30
2.3998	1.707995	259.47
2.4500	1.809886	255.50
2.5047	1.832893	252.37
2.5575	1.868883	253.28
2.6052	1.823583	257.30
2.6601	1.775982	250.95
2.7101	1.732055	250.29
2.7601	1.749843	259.19
2.8134	1.774095	253.37
2.8601	1.761626	252.62
2.9147	1.734146	262.41
2.9653	1.763761	257.64
3.0147	1.752227	264.20
3.0652	1.745514	258.05
3.1201	1.763811	257.30
3.1700	1.740298	257.87
3.2201	1.765846	269.12
3.2701	1.759776	258.10
3.3201	1.751948	262.52
3.3747	1.751158	262.71
3.4251	1.745114	258.44
3.4750	1.750868	266.76
3.5286	1.762882	262.65
3.5766	1.761585	267.33
3.6301	1.762013	269.00
3.6801	1.759535	268.25
3.7324	1.752388	268.01
3.7847	1.755741	266.16
3.8347	1.756277	267.50
3.8871	1.758472	278.65
3.9374	1.759192	271.88
3.9901	1.749127	275.10
4.0400	1.734969	273.35
4.0900	1.741716	279.03
4.1416	1.732466	272.13
4.1902	1.752857	274.82
4.2452	1.763230	279.27
4.2973	1.761022	272.51
4.3451	1.766897	277.35
4.3987	1.752871	277.90
4.4501	1.755802	282.19
4.5024	1.755272	280.71
4.5500	1.752853	282.62
4.6047	1.755371	282.60
4.6547	1.750169	282.24
4.7073	1.763182	293.32
4.7549	1.755682	286.42
4.8101	1.736659	287.51
4.8600	1.751801	286.64
4.9119	1.732131	287.59
4.9601	1.732972	291.52
5.0146	1.769977	289.93
5.0652	1.744738	291.64
5.1148	1.750644	298.90
5.1652	1.752685	286.55
5.2147	1.747614	291.40
5.2705	1.759424	296.92
5.3201	1.750218	289.68
5.3700	1.743599	297.89
5.4252	1.716112	296.40
5.4747	1.685977	297.24
5.5252	1.683096	299.01
5.5746	1.685015	298.90
5.6253	1.715701	303.62
5.6786	1.738440	295.95
5.7255	1.735344	296.82
5.7801	1.731103	306.95
5.8301	1.699424	299.66
5.8800	1.695381	309.34
5.9318	1.684757	302.13
5.9799	1.665168	301.00
6.0347	1.667992	304.56
6.0854	1.651459	305.98
6.1348	1.647678	313.95
6.1852	1.658277	309.22
6.2348	1.637974	311.64
6.2885	1.648651	306.65
6.3400	1.661539	310.82
6.3900	1.669613	316.53
6.4401	1.681706	318.59
6.4901	1.677849	319.03
6.5403	1.680801	319.12
6.5900	1.684595	316.74
6.6447	1.691834	316.17
6.6962	1.695784	321.61
6.7453	1.691967	328.12
6.7946	1.691692	322.78
6.8452	1.686066	321.22
6.9009	1.693037	320.18
6.9501	1.692936	318.38
7.0001	1.693407	325.52
7.0529	1.711791	328.29
7.1036	1.707642	325.64
7.1548	1.708048	331.00
7.2052	1.702794	331.34
7.2547	1.696651	333.11
7.3079	1.691194	334.07
7.3553	1.707618	338.97
7.4052	1.696062	338.48
7.4547	1.682074	325.75
7.5100	1.667134	330.98
7.5603	1.667679	330.15
7.6100	1.690419	338.97
7.6600	1.708910	340.51
7.7100	1.734785	340.94
7.7624	1.714599	340.11
7.8147	1.722136	340.98
7.8652	1.711419	343.98
7.9147	1.718706	348.42
7.9652	1.723598	343.97
8.0150	1.723360	342.32
8.0652	1.736260	344.18
8.1201	1.735366	344.64
8.1709	1.743072	345.50
8.2204	1.735267	354.07
8.2701	1.735173	355.56
8.3200	1.738017	345.63
8.3748	1.738359	348.36
8.4252	1.747679	349.85
8.4766	1.743758	359.06
8.5252	1.727559	356.54
8.5747	1.728038	357.85
8.6293	1.730500	355.25
8.6800	1.733635	351.78
8.7300	1.737741	367.41
8.7816	1.738813	359.05
8.8348	1.740288	360.19
8.8860	1.738132	359.42
8.9348	1.739809	369.40
8.9869	1.733535	375.37
9.0345	1.733589	364.51
9.0901	1.732048	368.19
9.1400	1.737527	363.89
9.1900	1.745361	370.25
9.2400	1.746853	369.35
9.2947	1.760903	370.38
9.3469	1.759837	369.37
9.3945	1.753780	383.63
9.4451	1.742666	377.76
9.5000	1.732869	373.47
9.5501	1.723457	374.82
9.6001	1.734477	378.17
9.6500	1.742890	374.49
9.7030	1.750526	379.32
9.7551	1.745721	379.75
9.8051	1.731341	384.71
9.8547	1.727568	384.27
9.9051	1.715002	388.82
9.9574	1.729097	378.70
10.0100	1.740716	384.52
10.0601	1.749831	385.98
10.1100	1.745695	398.89
10.1615	1.724943	389.80
10.2147	1.722602	389.33
10.2652	1.703188	391.29
10.3148	1.721020	395.17
10.3653	1.744054	398.21
10.4165	1.746680	398.47
10.4655	1.753700	397.69
10.5200	1.739578	400.68
10.5709	1.752686	398.90
10.6205	1.780194	399.54
10.6748	1.773563	400.56
10.7251	1.776490	399.73
10.7749	1.758887	413.74
10.8251	1.726142	405.11
10.8748	1.728686	407.55
10.9294	1.722845	408.06
10.9804	1.727301	403.14
11.0303	1.729257	416.55
11.0800	1.728842	409.23
11.1345	1.739509	414.78
11.1851	1.739018	413.44
11.2346	1.735481	417.32
11.2850	1.724033	423.23
11.3376	1.726754	411.67
11.3853	1.712935	412.54
11.4404	1.710995	419.78
11.4904	1.725079	409.54
11.5418	1.719200	423.87
11.5946	1.722789	429.14
11.6451	1.719045	429.45
11.6949	1.709169	427.22
11.7461	1.706120	427.11
11.8000	1.704419	422.63
11.8505	1.708192	425.27
11.9048	1.699503	437.45
11.9548	1.692378	439.14
12.0051	1.677310	436.36
12.0548	1.657667	436.21
12.1104	1.610436	442.72
12.1605	1.384160	448.61
12.2100	1.109466	487.05
12.2548	0.742065	594.09
