# LRA Top-5 Frequency Peaks — Condensed Summary
# Source file: pitch_decrease_mild_220to156Hz.wav
# Generated:   2026-07-17 13:58:20
# Accel sample rate: 1516.8-1894.0 Hz per-window range (1624.0 Hz overall)
# Freq resolution:   5.01 Hz per bin (peaks below are quantized to this common grid;
#                    each window measured at its own real rate, then
#                    resampled here for cross-window comparability)
# Rows:        233
#
# For each time window, the top 5 frequency peaks by magnitude,
# sorted strongest first. Each peak is reported in BOTH units:
#   peakN_g  = linear amplitude in g (true physical intensity)
#   peakN_db = 20*log10(g) (compressed range — easier to compare
#              strong vs weak components, e.g. Shepard octave partners)
#
# NOTE: adjacent bins around one physical tone can both appear as
# separate 'peaks' — treat peaks within 1-2 bins of each other as
# the same component.
#
time_s	peak1_hz	peak1_g	peak1_db	peak2_hz	peak2_g	peak2_db	peak3_hz	peak3_g	peak3_db	peak4_hz	peak4_g	peak4_db	peak5_hz	peak5_g	peak5_db
0.4000	220.5	313.67296	49.9	225.6	206.14196	46.3	215.5	155.94047	43.9	350.9	94.91239	39.5	355.9	69.18662	36.8
0.4540	220.5	323.97288	50.2	225.6	251.29607	48.0	215.5	127.34926	42.1	355.9	94.31374	39.5	350.9	83.58305	38.4
0.5001	220.5	307.21622	49.7	225.6	202.44779	46.1	215.5	172.66201	44.7	210.5	74.80206	37.5	350.9	73.51967	37.3
0.5501	220.5	320.79777	50.1	215.5	199.42289	46.0	225.6	176.26790	44.9	210.5	77.37417	37.8	355.9	67.28037	36.6
0.6007	220.5	314.91999	50.0	215.5	196.68640	45.9	225.6	174.94855	44.9	355.9	88.41664	38.9	350.9	54.99295	34.8
0.6541	220.5	314.10132	49.9	215.5	202.97873	46.1	225.6	165.07619	44.4	355.9	90.21655	39.1	360.9	59.08826	35.4
0.7008	210.5	340.17804	50.6	215.5	220.91914	46.9	205.5	124.98943	41.9	345.9	87.57685	38.8	340.8	72.88894	37.3
0.7508	215.5	275.68423	48.8	210.5	260.10852	48.3	220.5	96.58801	39.7	350.9	89.93813	39.1	345.9	80.20915	38.1
0.8101	210.5	305.31926	49.7	205.5	218.22931	46.8	215.5	128.06793	42.1	345.9	96.63896	39.7	340.8	92.03415	39.3
0.8600	210.5	319.89203	50.1	205.5	224.49768	47.0	215.5	129.32917	42.2	345.9	98.70416	39.9	350.9	61.38003	35.8
0.9106	220.5	335.37705	50.5	215.5	205.07638	46.2	225.6	186.96966	45.4	365.9	85.43868	38.6	210.5	60.47388	35.6
0.9601	215.5	327.93001	50.3	210.5	229.59011	47.2	220.5	151.47935	43.6	355.9	74.66689	37.5	360.9	57.04298	35.1
1.0103	215.5	321.34222	50.1	210.5	246.14076	47.8	220.5	136.81815	42.7	355.9	71.59107	37.1	360.9	64.82333	36.2
1.0659	210.5	323.92929	50.2	215.5	224.68848	47.0	205.5	161.50240	44.2	220.5	70.75361	37.0	355.9	64.56206	36.2
1.1167	210.5	318.91702	50.1	215.5	202.88435	46.1	205.5	160.79636	44.1	355.9	87.14245	38.8	360.9	69.75940	36.9
1.1667	215.5	308.09862	49.8	220.5	246.79176	47.8	210.5	138.87651	42.9	365.9	79.10262	38.0	225.6	72.86498	37.3
1.2167	215.5	348.70541	50.8	210.5	296.31890	49.4	220.5	96.39380	39.7	205.5	49.14607	33.8	360.9	45.63828	33.2
1.2698	210.5	312.27188	49.9	215.5	271.60847	48.7	205.5	94.29916	39.5	365.9	86.19647	38.7	360.9	85.45582	38.6
1.3202	215.5	305.94256	49.7	210.5	299.79872	49.5	365.9	83.41926	38.4	205.5	81.07291	38.2	360.9	68.53097	36.7
1.3714	215.5	326.42992	50.3	220.5	208.46618	46.4	210.5	180.78634	45.1	225.6	61.06453	35.7	205.5	52.46487	34.4
1.4197	210.5	332.72769	50.4	215.5	282.76942	49.0	205.5	109.39880	40.8	365.9	74.47405	37.4	360.9	46.84403	33.4
1.4707	215.5	325.66082	50.3	220.5	237.02385	47.5	210.5	147.84071	43.4	370.9	83.80395	38.5	375.9	69.36309	36.8
1.5249	210.5	331.40048	50.4	215.5	221.39100	46.9	205.5	151.00023	43.6	365.9	109.45379	40.8	370.9	68.83931	36.8
1.5719	215.5	339.80326	50.6	220.5	225.67391	47.1	210.5	160.45030	44.1	375.9	99.42527	39.9	55.1	64.68985	36.2
1.6246	210.5	362.87297	51.2	215.5	225.05459	47.0	205.5	158.55595	44.0	370.9	87.33951	38.8	365.9	69.84097	36.9
1.6706	205.5	326.32607	50.3	210.5	287.09478	49.2	200.5	94.23374	39.5	365.9	70.21536	36.9	215.5	60.92908	35.7
1.7295	210.5	310.69096	49.8	205.5	245.96660	47.8	215.5	135.32990	42.6	365.9	82.93436	38.4	370.9	81.35401	38.2
1.7797	205.5	363.71551	51.2	200.5	192.86851	45.7	210.5	174.28165	44.8	360.9	86.58511	38.7	365.9	74.30076	37.4
1.8307	215.5	323.11061	50.2	210.5	253.01177	48.1	220.5	142.94561	43.1	205.5	73.59484	37.3	380.9	61.00312	35.7
1.8798	210.5	339.23901	50.6	215.5	248.71851	47.9	205.5	135.70843	42.7	380.9	71.16413	37.0	375.9	65.59118	36.3
1.9353	215.5	335.30724	50.5	210.5	247.26521	47.9	220.5	150.46058	43.5	205.5	83.77076	38.5	386.0	80.04244	38.1
1.9823	210.5	309.49829	49.8	215.5	291.88832	49.3	205.5	114.71056	41.2	380.9	77.02277	37.7	220.5	72.33281	37.2
2.0305	220.5	330.24267	50.4	215.5	295.43982	49.4	225.6	102.34453	40.2	391.0	73.14026	37.3	396.0	72.11029	37.2
2.0798	205.5	335.45118	50.5	200.5	203.92815	46.2	210.5	162.87713	44.2	375.9	68.03706	36.7	370.9	58.65429	35.4
2.1302	200.5	315.33995	50.0	205.5	284.30159	49.1	370.9	90.04675	39.1	195.5	88.07175	38.9	365.9	80.08192	38.1
2.1901	200.5	329.00578	50.3	205.5	208.77622	46.4	195.5	155.97573	43.9	365.9	86.54312	38.7	370.9	66.16636	36.4
2.2401	200.5	321.45609	50.1	205.5	178.04267	45.0	195.5	176.08605	44.9	370.9	74.89803	37.5	365.9	68.52614	36.7
2.2903	210.5	327.56875	50.3	215.5	221.73704	46.9	205.5	168.55138	44.5	391.0	84.14184	38.5	386.0	78.59168	37.9
2.3416	210.5	323.73241	50.2	215.5	265.09268	48.5	205.5	118.54316	41.5	391.0	72.00303	37.1	396.0	68.27316	36.7
2.3904	210.5	327.86236	50.3	215.5	212.45054	46.5	205.5	177.30463	45.0	391.0	89.61849	39.0	396.0	64.37336	36.2
2.4402	205.5	355.06424	51.0	210.5	239.43631	47.6	200.5	128.18886	42.2	386.0	95.72934	39.6	380.9	63.25832	36.0
2.4906	205.5	328.80880	50.3	210.5	244.57413	47.8	200.5	146.26221	43.3	215.5	74.37214	37.4	386.0	72.56588	37.2
2.5459	200.5	332.91730	50.4	195.5	220.33819	46.9	205.5	136.26262	42.7	375.9	87.31833	38.8	380.9	51.07614	34.2
2.5997	200.5	350.81580	50.9	195.5	211.81666	46.5	205.5	156.46172	43.9	375.9	93.97505	39.5	380.9	65.94723	36.4
2.6506	205.5	346.93336	50.8	200.5	218.33889	46.8	210.5	161.22773	44.1	386.0	73.47420	37.3	391.0	72.25214	37.2
2.7002	210.5	324.25690	50.2	205.5	250.56356	48.0	215.5	128.72598	42.2	396.0	82.81588	38.4	401.0	70.64421	37.0
2.7506	205.5	368.18327	51.3	200.5	204.23518	46.2	210.5	168.16546	44.5	391.0	91.87738	39.3	396.0	62.15456	35.9
2.7999	200.5	293.71735	49.4	205.5	272.23142	48.7	195.5	100.15276	40.0	210.5	83.15202	38.4	386.0	78.94043	37.9
2.8541	205.5	336.37311	50.5	200.5	226.75424	47.1	210.5	151.97559	43.6	396.0	71.21112	37.1	391.0	61.86420	35.8
2.9061	205.5	309.57536	49.8	210.5	271.96441	48.7	200.5	116.97603	41.4	215.5	81.92860	38.3	401.0	74.86529	37.5
2.9531	205.5	315.30134	50.0	210.5	257.35237	48.2	200.5	135.40782	42.6	401.0	95.07154	39.6	396.0	71.11300	37.0
3.0003	205.5	325.55240	50.3	200.5	303.06914	49.6	210.5	100.11952	40.0	396.0	85.64077	38.7	391.0	62.59906	35.9
3.0598	200.5	312.53375	49.9	195.5	239.41920	47.6	205.5	138.84492	42.9	391.0	84.78460	38.6	190.5	73.84390	37.4
3.1107	195.5	317.44413	50.0	200.5	225.87081	47.1	190.5	147.88857	43.4	205.5	76.94155	37.7	380.9	67.57746	36.6
3.1600	205.5	319.51536	50.1	210.5	279.60040	48.9	200.5	132.23217	42.4	215.5	101.70808	40.1	406.0	70.22324	36.9
3.2114	200.5	304.18861	49.7	205.5	255.56239	48.1	195.5	149.54047	43.5	401.0	112.35400	41.0	210.5	106.06997	40.5
3.2598	205.5	297.98350	49.5	200.5	263.09119	48.4	210.5	110.29659	40.9	401.0	75.96828	37.6	195.5	73.98647	37.4
3.3124	205.5	307.62823	49.8	210.5	241.26472	47.6	200.5	160.32475	44.1	215.5	106.60732	40.6	195.5	68.44431	36.7
3.3603	200.5	331.60005	50.4	195.5	278.05547	48.9	205.5	114.73775	41.2	396.0	52.12889	34.3	345.9	48.44406	33.7
3.4116	200.5	333.36292	50.5	195.5	221.62335	46.9	205.5	183.29260	45.3	401.0	52.01928	34.3	350.9	46.52184	33.4
3.4703	195.5	301.76590	49.6	190.5	255.84360	48.2	200.5	134.71339	42.6	185.5	120.18170	41.6	205.5	78.20646	37.9
3.5198	190.5	331.41404	50.4	195.5	280.91302	49.0	386.0	113.50380	41.1	185.5	107.70189	40.6	391.0	81.19863	38.2
3.5703	200.5	302.60063	49.6	205.5	258.65518	48.3	195.5	109.11981	40.8	406.0	93.06923	39.4	411.0	87.13743	38.8
3.6220	200.5	303.95533	49.7	205.5	189.61700	45.6	195.5	177.07142	45.0	210.5	119.33395	41.5	215.5	105.70127	40.5
3.6704	200.5	314.90449	50.0	195.5	287.49126	49.2	190.5	113.58179	41.1	205.5	95.16518	39.6	396.0	72.29055	37.2
3.7223	205.5	330.57762	50.4	200.5	240.00253	47.6	210.5	168.02117	44.5	215.5	61.45248	35.8	406.0	60.22564	35.6
3.7757	200.5	288.16772	49.2	205.5	282.06716	49.0	195.5	97.18191	39.8	210.5	80.48868	38.1	416.0	74.08642	37.4
3.8198	200.5	303.30044	49.6	195.5	294.91414	49.4	411.0	83.31747	38.4	225.6	81.13930	38.2	205.5	79.04404	38.0
3.8775	205.5	308.05881	49.8	200.5	219.89863	46.8	210.5	151.82557	43.6	426.1	76.31174	37.7	230.6	72.67046	37.2
3.9258	200.5	331.90370	50.4	205.5	214.09149	46.6	195.5	181.59393	45.2	416.0	60.51050	35.6	401.0	55.21020	34.8
3.9798	195.5	286.60987	49.1	200.5	271.72867	48.7	205.5	136.38155	42.7	190.5	115.64938	41.3	210.5	73.22780	37.3
4.0298	195.5	321.01028	50.1	190.5	231.76426	47.3	200.5	148.18970	43.4	185.5	88.27157	38.9	205.5	74.76893	37.5
4.0798	200.5	340.83194	50.7	205.5	214.87358	46.6	195.5	173.57879	44.8	421.0	70.22378	36.9	190.5	63.31770	36.0
4.1309	200.5	328.54406	50.3	195.5	229.27669	47.2	205.5	160.40188	44.1	421.0	76.33328	37.7	190.5	64.58007	36.2
4.1800	200.5	345.26198	50.8	205.5	198.13343	45.9	195.5	185.57621	45.4	426.1	72.33430	37.2	190.5	59.60912	35.5
4.2303	200.5	299.70262	49.5	195.5	278.18961	48.9	205.5	111.54067	40.9	190.5	95.43942	39.6	421.0	85.02149	38.6
4.2798	200.5	336.41523	50.5	195.5	248.44680	47.9	205.5	142.58588	43.1	426.1	69.09712	36.8	190.5	66.01974	36.4
4.3318	200.5	344.15076	50.7	195.5	209.58788	46.4	205.5	176.16052	44.9	426.1	71.19049	37.0	431.1	65.36878	36.3
4.3800	190.5	373.17552	51.4	185.5	210.61687	46.5	195.5	156.55918	43.9	406.0	73.98494	37.4	411.0	71.15610	37.0
4.4303	190.5	342.54878	50.7	185.5	198.79083	46.0	195.5	173.53407	44.8	411.0	79.17665	38.0	380.9	59.25897	35.5
4.4895	190.5	304.18399	49.7	185.5	303.22164	49.6	406.0	80.05766	38.1	195.5	74.89764	37.5	180.4	66.81852	36.5
4.5398	190.5	345.30788	50.8	185.5	289.96749	49.2	195.5	92.50707	39.3	411.0	75.87793	37.6	406.0	64.32688	36.2
4.5904	195.5	320.15148	50.1	200.5	249.18225	47.9	190.5	138.92399	42.9	426.1	78.84097	37.9	431.1	69.39175	36.8
4.6399	195.5	321.74096	50.2	190.5	243.98577	47.7	200.5	141.85383	43.0	185.5	69.69501	36.9	426.1	68.82522	36.8
4.6904	195.5	305.22304	49.7	200.5	277.33582	48.9	190.5	109.14943	40.8	205.5	88.26549	38.9	431.1	62.69531	35.9
4.7421	190.5	315.18072	50.0	195.5	250.46514	48.0	185.5	134.54895	42.6	421.0	86.03090	38.7	200.5	68.32540	36.7
4.7905	190.5	323.25798	50.2	185.5	200.85157	46.1	195.5	171.64265	44.7	421.0	86.65502	38.8	416.0	61.02465	35.7
4.8470	190.5	347.32793	50.8	195.5	268.23268	48.6	185.5	109.36352	40.8	426.1	88.09907	38.9	431.1	48.25827	33.7
4.8970	185.5	348.25813	50.8	190.5	246.78050	47.8	180.4	115.64210	41.3	416.0	76.16258	37.6	411.0	45.45577	33.2
4.9460	190.5	332.69450	50.4	195.5	267.15720	48.5	185.5	112.58116	41.0	431.1	82.99367	38.4	426.1	72.24877	37.2
4.9998	190.5	336.57598	50.5	195.5	254.97960	48.1	185.5	125.05093	41.9	431.1	85.22593	38.6	200.5	62.74143	36.0
5.0504	190.5	372.62551	51.4	185.5	191.03284	45.6	195.5	183.40005	45.3	426.1	70.98569	37.0	431.1	62.04335	35.9
5.1002	195.5	339.64964	50.6	190.5	218.69927	46.8	200.5	170.61526	44.6	441.1	74.56855	37.5	50.1	69.07222	36.8
5.1503	190.5	365.42112	51.3	195.5	191.22595	45.6	185.5	178.43532	45.0	431.1	86.93670	38.8	50.1	65.29905	36.3
5.2000	195.5	353.35989	51.0	190.5	222.97244	47.0	200.5	167.76705	44.5	441.1	75.81018	37.6	446.1	58.32780	35.3
5.2541	185.5	307.30049	49.8	190.5	248.41710	47.9	180.4	126.43718	42.0	195.5	80.41418	38.1	426.1	70.60093	37.0
5.2998	195.5	337.27898	50.6	190.5	245.47580	47.8	200.5	146.16389	43.3	446.1	72.41676	37.2	441.1	68.55105	36.7
5.3575	195.5	308.73978	49.8	190.5	291.40108	49.3	185.5	94.17954	39.5	200.5	94.08077	39.5	441.1	63.16884	36.0
5.3999	185.5	334.89542	50.5	180.4	297.52472	49.5	190.5	92.06497	39.3	421.0	61.37199	35.8	365.9	49.77231	33.9
5.4598	190.5	330.82542	50.4	185.5	223.93638	47.0	195.5	158.65819	44.0	436.1	63.17993	36.0	441.1	58.27154	35.3
5.5104	180.4	323.39412	50.2	185.5	205.22711	46.2	175.4	162.53278	44.2	421.0	75.77175	37.6	190.5	60.73276	35.7
5.5598	195.5	333.41004	50.5	190.5	260.52886	48.3	200.5	128.79567	42.2	451.1	89.15838	39.0	65.2	85.20136	38.6
5.6129	190.5	319.50120	50.1	185.5	266.23721	48.5	195.5	109.31682	40.8	441.1	89.44106	39.0	436.1	69.47268	36.8
5.6598	190.5	346.36157	50.8	185.5	252.86359	48.1	195.5	131.14015	42.4	441.1	82.82553	38.4	65.2	73.81635	37.4
5.7159	185.5	313.14346	49.9	190.5	308.32298	49.8	180.4	96.56885	39.7	441.1	82.27386	38.3	195.5	74.02974	37.4
5.7645	180.4	346.01268	50.8	185.5	277.15581	48.9	175.4	100.59347	40.1	431.1	70.85517	37.0	426.1	67.03734	36.5
5.8169	185.5	322.66164	50.2	190.5	307.98379	49.8	446.1	81.71275	38.2	180.4	73.96607	37.4	195.5	73.22547	37.3
5.8704	185.5	333.41438	50.5	180.4	195.32590	45.8	190.5	174.44800	44.8	441.1	84.10634	38.5	436.1	69.12305	36.8
5.9198	185.5	333.52404	50.5	190.5	241.26681	47.6	180.4	142.94893	43.1	446.1	78.49460	37.9	441.1	59.07437	35.4
5.9704	185.5	333.19892	50.5	190.5	250.50798	48.0	180.4	137.54750	42.8	446.1	73.53608	37.3	195.5	69.50181	36.8
6.0198	190.5	316.79711	50.0	185.5	248.61816	47.9	195.5	137.29904	42.8	451.1	71.47805	37.1	180.4	67.55755	36.6
6.0734	190.5	348.20585	50.8	195.5	204.51517	46.2	185.5	187.26895	45.4	456.1	68.78558	36.7	461.1	56.43690	35.0
6.1214	190.5	343.26825	50.7	185.5	231.30743	47.3	195.5	158.02997	44.0	456.1	72.38055	37.2	80.2	59.41876	35.5
6.1705	185.5	326.15956	50.3	180.4	254.20143	48.1	190.5	120.25173	41.6	446.1	79.46634	38.0	441.1	60.98501	35.7
6.2198	180.4	338.35798	50.6	175.4	195.49923	45.8	185.5	170.72233	44.6	436.1	76.41544	37.7	441.1	65.73764	36.4
6.2789	180.4	347.56934	50.8	175.4	242.67145	47.7	185.5	118.38604	41.5	436.1	74.57140	37.5	80.2	57.97511	35.3
6.3304	175.4	309.48858	49.8	180.4	264.82572	48.5	170.4	104.82888	40.4	431.1	61.31635	35.8	185.5	61.10887	35.7
6.3799	185.5	319.17524	50.1	190.5	233.60771	47.4	180.4	143.97681	43.2	456.1	75.82319	37.6	461.1	64.72054	36.2
6.4328	185.5	308.93509	49.8	190.5	285.99258	49.1	180.4	113.69699	41.1	461.1	75.17927	37.5	195.5	73.57448	37.3
6.4804	185.5	308.54672	49.8	190.5	295.71015	49.4	180.4	93.90209	39.5	195.5	81.97644	38.3	461.1	75.03552	37.5
6.5306	190.5	335.37056	50.5	185.5	241.63961	47.7	195.5	149.81350	43.5	90.2	73.63307	37.3	471.2	72.60251	37.2
6.5799	180.4	323.37796	50.2	185.5	225.54324	47.1	175.4	164.85038	44.3	190.5	67.74356	36.6	451.1	64.36022	36.2
6.6304	180.4	334.16517	50.5	185.5	282.42576	49.0	175.4	109.67941	40.8	456.1	66.93526	36.5	90.2	55.04113	34.8
6.6870	175.4	348.21076	50.8	180.4	277.50064	48.9	170.4	92.47831	39.3	441.1	74.53795	37.4	446.1	66.62742	36.5
6.7398	175.4	348.50128	50.8	180.4	232.58993	47.3	170.4	150.25327	43.5	441.1	63.92538	36.1	90.2	57.11517	35.1
6.7905	180.4	338.88817	50.6	185.5	227.86288	47.2	175.4	148.18137	43.4	190.5	68.25168	36.7	456.1	63.02655	36.0
6.8399	185.5	321.78093	50.2	180.4	233.24914	47.4	190.5	160.96097	44.1	466.2	76.03075	37.6	175.4	68.66278	36.7
6.8932	185.5	353.71271	51.0	180.4	206.93504	46.3	190.5	186.61919	45.4	471.2	61.82765	35.8	466.2	57.86896	35.2
6.9411	185.5	342.81904	50.7	180.4	231.21735	47.3	190.5	156.36300	43.9	100.2	71.49243	37.1	466.2	69.96164	36.9
6.9904	180.4	349.58269	50.9	175.4	186.19785	45.4	185.5	184.41907	45.3	461.1	73.76264	37.4	190.5	58.10243	35.3
7.0459	185.5	316.10572	50.0	180.4	270.41449	48.6	190.5	118.91643	41.5	175.4	73.81840	37.4	471.2	60.70696	35.7
7.0968	185.5	340.70490	50.6	180.4	236.91929	47.5	190.5	145.56462	43.3	471.2	71.69331	37.1	105.3	61.91470	35.8
7.1414	180.4	380.97583	51.6	175.4	199.25096	46.0	185.5	181.31736	45.2	466.2	63.92101	36.1	105.3	57.76722	35.2
7.1999	180.4	371.55077	51.4	175.4	232.15864	47.3	185.5	148.82799	43.5	466.2	65.38708	36.3	461.1	61.67201	35.8
7.2504	175.4	347.77513	50.8	170.4	181.19138	45.2	180.4	179.44951	45.1	456.1	71.01666	37.0	386.0	59.12377	35.4
7.3014	185.5	319.30527	50.1	180.4	280.63838	49.0	190.5	100.74451	40.1	476.2	72.25076	37.2	175.4	69.20124	36.8
7.3506	180.4	360.32905	51.1	175.4	225.48219	47.1	185.5	160.37233	44.1	471.2	66.07999	36.4	396.0	52.35897	34.4
7.3999	185.5	372.44244	51.4	180.4	242.44898	47.7	190.5	151.40932	43.6	481.2	67.53668	36.6	486.2	61.85021	35.8
7.4540	185.5	328.99736	50.3	180.4	289.45602	49.2	190.5	103.28439	40.3	175.4	71.47599	37.1	481.2	65.12929	36.3
7.5000	175.4	342.84949	50.7	170.4	263.19318	48.4	180.4	112.07221	41.0	456.1	60.03892	35.6	461.1	50.42451	34.1
7.5504	175.4	326.51499	50.3	180.4	256.89787	48.2	170.4	115.24360	41.2	466.2	69.15237	36.8	185.5	57.78111	35.2
7.6105	170.4	340.76166	50.6	175.4	280.92098	49.0	165.4	104.85698	40.4	456.1	73.90868	37.4	110.3	52.59464	34.4
7.6599	175.4	312.19052	49.9	170.4	287.48620	49.2	180.4	94.78573	39.5	461.1	77.46258	37.8	165.4	74.56852	37.5
7.7129	180.4	341.67703	50.7	175.4	242.91179	47.7	185.5	140.10179	42.9	481.2	84.34517	38.5	476.2	78.72805	37.9
7.7599	180.4	321.86874	50.2	175.4	241.67413	47.7	185.5	156.56093	43.9	481.2	78.76523	37.9	120.3	66.54227	36.5
7.8140	180.4	349.66085	50.9	175.4	200.45366	46.0	185.5	195.08425	45.8	481.2	59.04024	35.4	486.2	56.15266	35.0
7.8624	180.4	352.00145	50.9	175.4	199.33379	46.0	185.5	188.65714	45.5	486.2	65.49258	36.3	125.3	57.11442	35.1
7.9129	175.4	336.54041	50.5	170.4	228.89058	47.2	180.4	144.37907	43.2	471.2	66.79867	36.5	120.3	57.75265	35.2
7.9599	170.4	290.89448	49.3	175.4	283.36586	49.0	165.4	94.76086	39.5	180.4	85.03100	38.6	471.2	57.95972	35.3
8.0208	175.4	303.49866	49.6	170.4	270.62979	48.6	180.4	115.09931	41.2	165.4	86.17951	38.7	471.2	59.39988	35.5
8.0704	170.4	383.39397	51.7	175.4	201.89167	46.1	165.4	169.12190	44.6	466.2	57.87329	35.2	125.3	46.24501	33.3
8.1198	175.4	354.26318	51.0	180.4	218.04092	46.8	170.4	164.50127	44.3	481.2	70.11273	36.9	185.5	52.85479	34.5
8.1704	175.4	313.93092	49.9	180.4	264.69373	48.5	170.4	129.32948	42.2	185.5	84.19622	38.5	486.2	57.90041	35.3
8.2245	175.4	297.11354	49.5	170.4	293.49123	49.4	180.4	114.57456	41.2	165.4	105.85809	40.5	160.4	40.60132	32.2
8.2724	175.4	334.01927	50.5	180.4	245.95867	47.8	170.4	157.95360	44.0	165.4	49.82899	33.9	190.5	43.11851	32.7
8.3275	180.4	322.84386	50.2	185.5	256.06663	48.2	175.4	142.08934	43.1	190.5	71.36202	37.1	320.8	35.59009	31.0
8.3704	180.4	329.20858	50.3	175.4	283.97786	49.1	185.5	118.31877	41.5	496.2	57.73553	35.2	170.4	56.46051	35.0
8.4298	170.4	294.56816	49.4	175.4	292.14935	49.3	165.4	101.05950	40.1	180.4	94.36793	39.5	481.2	51.20470	34.2
8.4799	165.4	309.23139	49.8	170.4	291.40316	49.3	160.4	84.58161	38.5	175.4	79.25843	38.0	471.2	50.99288	34.2
8.5306	175.4	328.06067	50.3	170.4	192.26108	45.7	180.4	189.86334	45.6	491.2	63.83795	36.1	140.3	47.72182	33.6
8.5804	175.4	344.67894	50.7	180.4	251.63013	48.0	170.4	146.42301	43.3	496.2	47.90139	33.6	185.5	39.05045	31.8
8.6310	175.4	339.87271	50.6	180.4	275.44279	48.8	170.4	118.71222	41.5	185.5	51.61734	34.3	496.2	41.01847	32.3
8.6799	175.4	346.01194	50.8	180.4	261.68505	48.4	170.4	132.16637	42.4	185.5	51.08364	34.2	496.2	41.15100	32.3
8.7304	170.4	372.72699	51.4	175.4	229.60493	47.2	165.4	150.70371	43.6	486.2	56.43060	35.0	315.8	43.36804	32.7
8.7802	165.4	330.02103	50.4	170.4	278.08934	48.9	160.4	105.78974	40.5	476.2	48.94078	33.8	175.4	44.32804	32.9
8.8360	170.4	305.97304	49.7	165.4	281.95108	49.0	175.4	88.40350	38.9	481.2	74.77047	37.5	160.4	63.41146	36.0
8.8904	165.4	342.21070	50.7	170.4	267.51718	48.5	160.4	111.86919	41.0	476.2	57.58530	35.2	481.2	57.11803	35.1
8.9399	165.4	290.75583	49.3	170.4	288.76799	49.2	160.4	96.10554	39.7	175.4	91.26679	39.2	481.2	46.26483	33.3
8.9904	175.4	355.92460	51.0	170.4	200.33937	46.0	180.4	194.77025	45.8	165.4	56.76970	35.1	155.4	38.15084	31.6
9.0440	170.4	334.11226	50.5	165.4	222.33261	46.9	175.4	152.46127	43.7	491.2	63.26218	36.0	486.2	50.26313	34.0
9.0904	170.4	312.48874	49.9	175.4	270.83265	48.7	165.4	117.23556	41.4	180.4	72.26768	37.2	496.2	43.35803	32.7
9.1465	175.4	334.25611	50.5	180.4	259.52388	48.3	170.4	133.96120	42.5	185.5	62.90116	36.0	411.0	43.18196	32.7
9.1930	165.4	349.24669	50.9	170.4	217.87033	46.8	160.4	161.04297	44.1	486.2	61.88844	35.8	496.2	51.77917	34.3
9.2498	170.4	358.82355	51.1	165.4	209.12108	46.4	175.4	168.74642	44.5	496.2	46.92875	33.4	325.8	40.75581	32.2
9.3002	165.4	327.70536	50.3	170.4	202.00193	46.1	160.4	181.15274	45.2	496.2	62.27978	35.9	491.2	60.16705	35.6
9.3532	170.4	359.84986	51.1	165.4	218.79795	46.8	175.4	156.53746	43.9	496.2	61.50002	35.8	155.4	50.55497	34.1
9.4014	170.4	315.65238	50.0	175.4	300.53311	49.6	165.4	131.64317	42.4	180.4	80.54068	38.1	335.8	39.87424	32.0
9.4541	175.4	320.87151	50.1	170.4	205.14966	46.2	180.4	180.80203	45.1	185.5	65.88205	36.4	165.4	59.89491	35.5
9.5002	165.4	305.50748	49.7	170.4	225.67405	47.1	160.4	154.81218	43.8	175.4	71.80723	37.1	491.2	55.50392	34.9
9.5504	165.4	348.76886	50.9	170.4	283.72278	49.1	160.4	117.37348	41.4	496.2	75.02863	37.5	175.4	49.49572	33.9
9.6099	160.4	345.46639	50.8	165.4	310.29372	49.8	486.2	112.35090	41.0	491.2	82.02681	38.3	155.4	75.95736	37.6
9.6598	165.4	357.85832	51.1	160.4	302.07950	49.6	491.2	115.68330	41.3	170.4	85.92440	38.7	486.2	75.33103	37.5
9.7130	170.4	343.28157	50.7	165.4	264.78411	48.5	175.4	139.41538	42.9	160.4	53.92056	34.6	406.0	41.23646	32.3
9.7610	170.4	358.30320	51.1	175.4	270.76977	48.7	165.4	144.53696	43.2	180.4	43.53756	32.8	345.9	37.59670	31.5
9.8130	170.4	361.43499	51.2	175.4	250.65450	48.0	165.4	160.20976	44.1	180.4	46.12612	33.3	345.9	43.22598	32.7
9.8598	165.4	318.35077	50.1	160.4	205.53087	46.3	170.4	152.59146	43.7	155.4	65.02833	36.3	335.8	64.58084	36.2
9.9129	165.4	329.48963	50.4	160.4	188.93688	45.5	170.4	173.49341	44.8	496.2	69.51522	36.8	155.4	58.32484	35.3
9.9699	160.4	356.73951	51.0	165.4	243.73005	47.7	155.4	139.12011	42.9	486.2	76.32963	37.7	491.2	61.28482	35.7
10.0198	160.4	337.97579	50.6	165.4	239.97987	47.6	155.4	121.37468	41.7	486.2	57.29300	35.2	330.8	51.49768	34.2
10.0704	170.4	335.40068	50.5	165.4	233.73727	47.4	175.4	160.83321	44.1	160.4	57.39075	35.2	350.9	45.75671	33.2
10.1241	170.4	345.84948	50.8	165.4	227.41041	47.1	175.4	155.64147	43.8	350.9	44.14852	32.9	160.4	40.90326	32.2
10.1704	165.4	382.84412	51.7	160.4	195.93894	45.8	170.4	180.17940	45.1	496.2	69.70419	36.9	345.9	49.15455	33.8
10.2198	170.4	322.24104	50.2	165.4	255.07991	48.1	175.4	133.53859	42.5	160.4	68.83039	36.8	355.9	43.05505	32.7
10.2753	160.4	337.18816	50.6	165.4	204.00642	46.2	155.4	165.44685	44.4	481.2	63.06258	36.0	486.2	54.98848	34.8
10.3299	160.4	361.35749	51.2	155.4	203.96558	46.2	165.4	154.90591	43.8	481.2	62.72249	35.9	496.2	46.94637	33.4
10.3799	165.4	363.86345	51.2	160.4	268.16040	48.6	170.4	122.59049	41.8	491.2	74.05834	37.4	496.2	49.44956	33.9
10.4331	165.4	311.02400	49.9	170.4	288.28688	49.2	160.4	107.58520	40.6	175.4	70.43314	37.0	355.9	46.28385	33.3
10.4803	170.4	308.13504	49.8	165.4	302.24502	49.6	175.4	84.02467	38.5	160.4	81.36136	38.2	360.9	50.37126	34.0
10.5301	165.4	348.47835	50.8	160.4	249.11283	47.9	170.4	132.33014	42.4	491.2	58.33825	35.3	496.2	53.09536	34.5
10.5799	165.4	334.64967	50.5	160.4	243.20378	47.7	170.4	144.07332	43.2	496.2	61.47270	35.8	491.2	61.19364	35.7
10.6372	160.4	323.28490	50.2	155.4	258.17593	48.2	165.4	102.05236	40.2	476.2	65.50438	36.3	345.9	54.54453	34.7
10.6898	160.4	317.61200	50.0	155.4	288.40688	49.2	165.4	85.22741	38.6	476.2	62.49518	35.9	150.4	60.23836	35.6
10.7399	165.4	319.98638	50.1	160.4	273.33385	48.7	170.4	107.38236	40.6	155.4	75.23597	37.5	491.2	72.56173	37.2
10.7929	165.4	328.86528	50.3	170.4	246.05590	47.8	160.4	138.18814	42.8	496.2	62.61301	35.9	175.4	55.29015	34.9
10.8443	160.4	322.64270	50.2	165.4	306.39674	49.7	155.4	80.75258	38.1	486.2	58.00133	35.3	325.8	50.46700	34.1
10.8906	165.4	306.19006	49.7	170.4	293.90125	49.4	175.4	103.86785	40.3	160.4	94.47299	39.5	421.0	39.47093	31.9
10.9445	160.4	285.70455	49.1	165.4	282.65605	49.0	155.4	101.38283	40.1	170.4	99.07777	39.9	491.2	44.92262	33.0
10.9988	155.4	283.84791	49.1	160.4	282.41257	49.0	150.4	91.63300	39.2	165.4	90.97696	39.2	476.2	54.04510	34.7
11.0498	160.4	356.31952	51.0	165.4	185.81055	45.4	155.4	184.52538	45.3	481.2	59.50002	35.5	360.9	37.80868	31.6
11.0998	165.4	306.04363	49.7	160.4	257.15855	48.2	170.4	127.46845	42.1	155.4	84.52929	38.5	491.2	58.67825	35.4
11.1504	160.4	358.38592	51.1	165.4	196.13172	45.9	155.4	181.79990	45.2	481.2	58.43542	35.3	360.9	43.04259	32.7
11.2003	165.4	342.86898	50.7	160.4	243.33636	47.7	170.4	143.33390	43.1	491.2	56.88306	35.1	496.2	47.98598	33.6
11.2541	160.4	310.88626	49.9	155.4	266.95292	48.5	165.4	105.46964	40.5	150.4	63.47942	36.1	476.2	58.45273	35.3
11.2998	160.4	376.64087	51.5	155.4	217.14764	46.7	165.4	155.36406	43.8	481.2	65.24211	36.3	476.2	51.49233	34.2
11.3573	160.4	357.88129	51.1	155.4	236.46583	47.5	165.4	141.54407	43.0	476.2	58.90443	35.4	481.2	54.79074	34.8
11.4098	155.4	345.74801	50.8	150.4	210.13133	46.4	160.4	168.03740	44.5	466.2	57.25014	35.2	471.2	40.46499	32.1
11.4599	160.4	325.52142	50.3	155.4	220.33138	46.9	165.4	160.90787	44.1	150.4	67.87561	36.6	481.2	57.56049	35.2
11.5104	160.4	335.06675	50.5	155.4	193.16074	45.7	165.4	186.88130	45.4	481.2	60.52482	35.6	370.9	39.79658	32.0
11.5598	160.4	303.08662	49.6	165.4	266.43585	48.5	155.4	113.80776	41.1	170.4	75.14257	37.5	486.2	59.35822	35.5
11.6131	155.4	306.44014	49.7	160.4	283.44294	49.0	150.4	96.50366	39.7	165.4	82.31201	38.3	471.2	55.96417	35.0
11.6614	155.4	338.21249	50.6	160.4	202.97636	46.1	150.4	178.32547	45.0	466.2	58.70909	35.4	145.4	45.18222	33.1
11.7182	155.4	341.55142	50.7	160.4	221.86273	46.9	150.4	141.68785	43.0	466.2	59.64551	35.5	145.4	49.38286	33.9
11.7666	155.4	316.34567	50.0	150.4	244.17249	47.8	160.4	121.05036	41.7	461.1	64.14422	36.1	145.4	62.63644	35.9
11.8199	160.4	328.10188	50.3	155.4	215.71593	46.7	165.4	175.64894	44.9	481.2	61.75367	35.8	150.4	58.58761	35.4
11.8704	155.4	311.72242	49.9	160.4	285.76422	49.1	150.4	96.52919	39.7	165.4	60.20729	35.6	471.2	56.96558	35.1
11.9198	155.4	335.09195	50.5	160.4	279.43563	48.9	150.4	102.78227	40.2	471.2	62.81905	36.0	165.4	60.35952	35.6
11.9704	160.4	351.86602	50.9	155.4	194.48433	45.8	165.4	192.64315	45.7	481.2	60.89411	35.7	476.2	45.34545	33.1
12.0243	160.4	351.83022	50.9	165.4	204.10991	46.2	155.4	179.38063	45.1	481.2	59.46510	35.5	486.2	38.26549	31.7
12.0704	155.4	285.53577	49.1	150.4	284.72610	49.1	145.4	84.60819	38.5	160.4	77.87650	37.8	461.1	57.95942	35.3
12.1198	155.4	374.30643	51.5	160.4	208.17581	46.4	150.4	162.40932	44.2	466.2	60.59599	35.6	471.2	46.78576	33.4
12.1798	160.4	304.72259	49.7	155.4	234.11631	47.4	165.4	164.55479	44.3	150.4	86.62643	38.8	145.4	45.33796	33.1
12.2303	165.4	157.52424	43.9	170.4	138.58200	42.8	160.4	129.55677	42.2	175.4	82.94186	38.4	155.4	80.18664	38.1
12.2704	185.5	24.15645	27.7	190.5	23.66431	27.5	180.4	22.82772	27.2	195.5	21.35847	26.6	175.4	21.01811	26.5
