# LRA Top-5 Frequency Peaks — Condensed Summary
# Source file: ramp_90to90BPM_12s_210Hz.wav
# Generated:   2026-07-17 14:00:49
# Accel sample rate: 1693.0-2036.6 Hz per-window range (1902.7 Hz overall)
# Freq resolution:   5.01 Hz per bin (peaks below are quantized to this common grid;
#                    each window measured at its own real rate, then
#                    resampled here for cross-window comparability)
# Rows:        228
#
# For each time window, the top 5 frequency peaks by magnitude,
# sorted strongest first. Each peak is reported in BOTH units:
#   peakN_g  = linear amplitude in g (true physical intensity)
#   peakN_db = 20*log10(g) (compressed range — easier to compare
#              strong vs weak components, e.g. Shepard octave partners)
#
# NOTE: adjacent bins around one physical tone can both appear as
# separate 'peaks' — treat peaks within 1-2 bins of each other as
# the same component.
#
time_s	peak1_hz	peak1_g	peak1_db	peak2_hz	peak2_g	peak2_db	peak3_hz	peak3_g	peak3_db	peak4_hz	peak4_g	peak4_db	peak5_hz	peak5_g	peak5_db
0.4306	200.3	0.26143	-11.7	195.3	0.25568	-11.8	105.1	0.24010	-12.4	110.2	0.23713	-12.5	50.1	0.23704	-12.5
0.4812	205.3	0.35115	-9.1	105.1	0.34604	-9.2	210.3	0.30554	-10.3	80.1	0.28437	-10.9	100.1	0.28420	-10.9
0.5328	120.2	0.38298	-8.3	90.1	0.33359	-9.5	105.1	0.31086	-10.1	125.2	0.28098	-11.0	80.1	0.27167	-11.3
0.5811	95.1	0.33477	-9.5	235.3	0.30179	-10.4	90.1	0.27544	-11.2	240.3	0.26512	-11.5	230.3	0.26416	-11.6
0.6295	145.2	0.35923	-8.9	150.2	0.28581	-10.9	95.1	0.27404	-11.2	50.1	0.25744	-11.8	90.1	0.24510	-12.2
0.6783	145.2	0.31296	-10.1	60.1	0.23933	-12.4	150.2	0.23660	-12.5	100.1	0.22108	-13.1	370.5	0.21815	-13.2
0.7253	100.1	0.40523	-7.8	95.1	0.40402	-7.9	145.2	0.37926	-8.4	60.1	0.29780	-10.5	150.2	0.28891	-10.8
0.7750	100.1	0.47685	-6.4	105.1	0.46061	-6.7	110.2	0.42232	-7.5	95.1	0.40600	-7.8	140.2	0.40380	-7.9
0.8211	230.3	0.58584	-4.6	200.3	0.57773	-4.8	215.3	0.51431	-5.8	240.3	0.49771	-6.1	195.3	0.49222	-6.2
0.8711	240.3	57.95300	35.3	235.3	57.90034	35.3	230.3	50.56960	34.1	245.3	50.27525	34.0	225.3	39.17787	31.9
0.9215	225.3	236.56797	47.5	230.3	197.38139	45.9	220.3	168.55643	44.5	235.3	98.88782	39.9	215.3	71.08962	37.0
0.9811	225.3	299.99029	49.5	230.3	229.48908	47.2	220.3	189.46682	45.6	235.3	80.12393	38.1	410.6	71.92496	37.1
1.0406	235.3	143.59050	43.1	230.3	123.09572	41.8	240.3	114.38467	41.2	225.3	69.94856	36.9	245.3	66.22058	36.4
1.0897	220.3	21.87188	26.8	225.3	20.96512	26.4	230.3	19.85722	26.0	235.3	19.60563	25.8	215.3	19.36464	25.7
1.1306	210.3	4.35325	12.8	215.3	3.94355	11.9	205.3	3.50055	10.9	220.3	2.93919	9.4	200.3	2.47760	7.9
1.1850	255.4	0.33631	-9.5	145.2	0.33263	-9.6	140.2	0.28884	-10.8	260.4	0.26751	-11.5	205.3	0.25106	-12.0
1.2310	145.2	0.43746	-7.2	140.2	0.43004	-7.3	105.1	0.37353	-8.6	50.1	0.30518	-10.3	100.1	0.30228	-10.4
1.2816	150.2	0.34254	-9.3	50.1	0.32854	-9.7	55.1	0.32251	-9.8	155.2	0.30340	-10.4	145.2	0.24731	-12.1
1.3309	85.1	0.28401	-10.9	285.4	0.26702	-11.5	80.1	0.26350	-11.6	55.1	0.25233	-12.0	125.2	0.24909	-12.1
1.3798	205.3	0.31039	-10.2	290.4	0.30717	-10.3	50.1	0.29400	-10.6	220.3	0.28725	-10.8	130.2	0.28653	-10.9
1.4234	125.2	0.39734	-8.0	120.2	0.31662	-10.0	50.1	0.31425	-10.1	290.4	0.29728	-10.5	80.1	0.29432	-10.6
1.4716	50.1	0.34606	-9.2	120.2	0.32465	-9.8	80.1	0.32169	-9.9	125.2	0.28652	-10.9	220.3	0.28239	-11.0
1.5216	230.3	29.95057	29.5	235.3	28.99413	29.2	225.3	27.98529	28.9	240.3	25.69257	28.2	220.3	23.94507	27.6
1.5709	225.3	188.56836	45.5	220.3	153.76916	43.7	230.3	152.93755	43.7	235.3	83.47398	38.4	215.3	80.74794	38.1
1.6328	225.3	279.20129	48.9	220.3	272.54472	48.7	230.3	167.44989	44.5	215.3	118.51974	41.5	410.6	70.52505	37.0
1.6910	220.3	182.58577	45.2	225.3	150.23782	43.5	215.3	146.03304	43.3	210.3	94.26547	39.5	230.3	86.66608	38.8
1.7414	230.3	48.56376	33.7	225.3	45.01622	33.1	235.3	44.02465	32.9	240.3	33.90608	30.6	220.3	32.61906	30.3
1.7910	215.3	6.50705	16.3	210.3	6.29874	16.0	230.3	5.63536	15.0	205.3	5.29356	14.5	235.3	5.22483	14.4
1.8351	215.3	0.53605	-5.4	200.3	0.52434	-5.6	220.3	0.49936	-6.0	205.3	0.44404	-7.1	210.3	0.42458	-7.4
1.8818	100.1	0.33937	-9.4	200.3	0.29081	-10.7	145.2	0.28731	-10.8	195.3	0.26993	-11.4	180.3	0.26878	-11.4
1.9310	105.1	0.33959	-9.4	100.1	0.30375	-10.3	90.1	0.26261	-11.6	95.1	0.22992	-12.8	180.3	0.21844	-13.2
1.9844	195.3	0.33501	-9.5	190.3	0.23828	-12.5	90.1	0.21965	-13.2	100.1	0.21618	-13.3	155.2	0.21580	-13.3
2.0310	125.2	0.38074	-8.4	130.2	0.36886	-8.7	135.2	0.33667	-9.5	120.2	0.31996	-9.9	140.2	0.29681	-10.6
2.0815	130.2	0.32059	-9.9	145.2	0.29920	-10.5	135.2	0.28058	-11.0	140.2	0.26060	-11.7	120.2	0.24224	-12.3
2.1300	75.1	0.40405	-7.9	70.1	0.38712	-8.2	180.3	0.28379	-10.9	175.2	0.27582	-11.2	65.1	0.26102	-11.7
2.1780	235.3	10.27389	20.2	240.3	10.06109	20.1	230.3	10.00231	20.0	245.3	9.74070	19.8	225.3	9.04379	19.1
2.2260	235.3	129.96207	42.3	230.3	120.14196	41.6	240.3	106.66597	40.6	225.3	86.29373	38.7	245.3	64.15530	36.1
2.2815	230.3	285.35392	49.1	235.3	272.44873	48.7	240.3	149.91228	43.5	225.3	138.55309	42.8	215.3	55.14235	34.8
2.3415	225.3	244.37302	47.8	230.3	214.75233	46.6	220.3	150.58636	43.6	235.3	114.18474	41.2	215.3	79.86062	38.0
2.3909	230.3	77.38093	37.8	225.3	74.31252	37.4	235.3	62.73649	36.0	220.3	56.48742	35.0	240.3	41.89305	32.4
2.4430	205.3	11.07329	20.9	220.3	10.79976	20.7	200.3	10.50451	20.4	210.3	10.46547	20.4	215.3	10.12075	20.1
2.4911	200.3	1.53075	3.7	205.3	1.51680	3.6	195.3	1.24849	1.9	210.3	1.19569	1.6	190.3	1.00884	0.1
2.5398	260.4	0.25302	-11.9	55.1	0.23926	-12.4	115.2	0.23556	-12.6	110.2	0.22098	-13.1	270.4	0.21233	-13.5
2.5849	215.3	0.25897	-11.7	120.2	0.25125	-12.0	210.3	0.24451	-12.2	100.1	0.23032	-12.8	160.2	0.22509	-13.0
2.6316	160.2	0.31835	-9.9	180.3	0.27811	-11.1	155.2	0.27697	-11.2	120.2	0.24861	-12.1	175.2	0.24761	-12.1
2.6815	105.1	0.26175	-11.6	80.1	0.25849	-11.8	70.1	0.24052	-12.4	100.1	0.23456	-12.6	85.1	0.23259	-12.7
2.7309	50.1	0.40446	-7.9	55.1	0.31612	-10.0	70.1	0.30147	-10.4	100.1	0.27519	-11.2	275.4	0.25995	-11.7
2.7812	135.2	0.40567	-7.8	80.1	0.37968	-8.4	55.1	0.35757	-8.9	140.2	0.35642	-9.0	60.1	0.34981	-9.1
2.8310	230.3	2.32923	7.3	235.3	2.26110	7.1	240.3	2.17310	6.7	245.3	2.17234	6.7	220.3	2.13450	6.6
2.8711	230.3	84.13704	38.5	235.3	82.33958	38.3	225.3	71.19205	37.0	240.3	65.18199	36.3	220.3	52.41544	34.4
2.9309	235.3	263.13425	48.4	230.3	211.06711	46.5	240.3	194.47963	45.8	225.3	99.39519	39.9	245.3	87.94106	38.9
2.9929	225.3	274.61387	48.8	220.3	238.58288	47.6	230.3	160.49567	44.1	215.3	106.93924	40.6	210.3	55.28757	34.9
3.0410	230.3	114.02670	41.1	235.3	105.93257	40.5	225.3	92.75593	39.3	240.3	69.73157	36.9	220.3	56.90312	35.1
3.0910	210.3	17.01951	24.6	225.3	15.97247	24.1	205.3	15.88416	24.0	220.3	15.41148	23.8	215.3	15.26025	23.7
3.1411	200.3	3.46199	10.8	195.3	3.27209	10.3	205.3	2.82111	9.0	190.3	2.49409	7.9	210.3	1.62050	4.2
3.1909	100.1	0.31168	-10.1	95.1	0.29313	-10.7	80.1	0.25010	-12.0	75.1	0.22978	-12.8	185.3	0.20107	-13.9
3.2415	95.1	0.47405	-6.5	100.1	0.43502	-7.2	185.3	0.28482	-10.9	180.3	0.28325	-11.0	160.2	0.22132	-13.1
3.2910	100.1	0.47605	-6.4	95.1	0.36985	-8.6	150.2	0.34545	-9.2	185.3	0.33423	-9.5	50.1	0.33389	-9.5
3.3390	60.1	0.35023	-9.1	55.1	0.32454	-9.8	120.2	0.31286	-10.1	170.2	0.28538	-10.9	85.1	0.27907	-11.1
3.3859	60.1	0.31910	-9.9	65.1	0.31596	-10.0	85.1	0.26996	-11.4	80.1	0.22947	-12.8	70.1	0.22920	-12.8
3.4334	70.1	0.24020	-12.4	60.1	0.22252	-13.1	110.2	0.21490	-13.4	180.3	0.21318	-13.4	65.1	0.20643	-13.7
3.4811	90.1	0.34901	-9.1	70.1	0.34619	-9.2	75.1	0.33295	-9.6	95.1	0.33009	-9.6	85.1	0.32038	-9.9
3.5309	235.3	46.19411	33.3	230.3	45.24893	33.1	240.3	40.82521	32.2	225.3	38.68443	31.8	245.3	31.26199	29.9
3.5815	225.3	216.88405	46.7	220.3	197.47346	45.9	230.3	142.59746	43.1	215.3	110.45791	40.9	410.6	57.27859	35.2
3.6428	225.3	308.33280	49.8	220.3	245.92482	47.8	230.3	185.55411	45.4	215.3	76.96698	37.7	410.6	66.53318	36.5
3.7015	230.3	166.83143	44.4	235.3	160.15736	44.1	225.3	112.83361	41.0	240.3	94.91667	39.5	220.3	49.31426	33.9
3.7509	235.3	24.31056	27.7	250.4	23.19896	27.3	245.3	23.00512	27.2	240.3	22.87681	27.2	210.3	22.76453	27.1
3.7935	205.3	6.32408	16.0	210.3	6.09211	15.7	200.3	4.81156	13.6	215.3	4.38695	12.8	195.3	2.80784	9.0
3.8415	260.4	0.40041	-7.9	255.4	0.37434	-8.5	120.2	0.34447	-9.3	210.3	0.34127	-9.3	200.3	0.30693	-10.3
3.8951	115.2	0.40819	-7.8	110.2	0.38268	-8.3	190.3	0.28970	-10.8	240.3	0.25607	-11.8	120.2	0.25208	-12.0
3.9415	235.3	0.30072	-10.4	65.1	0.25711	-11.8	230.3	0.24960	-12.1	70.1	0.24237	-12.3	105.1	0.24074	-12.4
3.9910	50.1	0.26822	-11.4	125.2	0.25516	-11.9	70.1	0.24763	-12.1	295.4	0.22992	-12.8	305.4	0.21142	-13.5
4.0419	50.1	0.42315	-7.5	125.2	0.40544	-7.8	120.2	0.33974	-9.4	130.2	0.29495	-10.6	75.1	0.25446	-11.9
4.0900	50.1	0.36804	-8.7	125.2	0.28245	-11.0	55.1	0.27904	-11.1	95.1	0.26468	-11.5	230.3	0.25336	-11.9
4.1365	50.1	0.28916	-10.8	55.1	0.28504	-10.9	170.2	0.26373	-11.6	140.2	0.24462	-12.2	205.3	0.24461	-12.2
4.1850	240.3	20.24390	26.1	235.3	19.99243	26.0	245.3	18.76456	25.5	230.3	18.50286	25.3	250.4	16.37572	24.3
4.2310	230.3	160.93435	44.1	225.3	148.27581	43.4	235.3	121.79348	41.7	220.3	97.46344	39.8	240.3	62.39418	35.9
4.2935	225.3	318.05797	50.1	230.3	252.04419	48.0	220.3	182.75200	45.2	235.3	90.92132	39.2	420.6	79.91698	38.1
4.3509	225.3	217.98338	46.8	220.3	200.34693	46.0	230.3	128.50931	42.2	215.3	100.20618	40.0	415.6	43.76227	32.8
4.4025	235.3	55.81485	34.9	240.3	53.40405	34.6	230.3	50.07344	34.0	245.3	41.49173	32.4	225.3	38.86971	31.8
4.4510	225.3	8.12384	18.2	220.3	7.45466	17.4	205.3	6.35913	16.1	200.3	6.20813	15.9	230.3	5.80063	15.3
4.4998	210.3	0.80349	-1.9	215.3	0.72848	-2.8	205.3	0.69555	-3.2	225.3	0.62483	-4.1	200.3	0.57317	-4.8
4.5444	80.1	0.32495	-9.8	75.1	0.32432	-9.8	85.1	0.23625	-12.5	185.3	0.22438	-13.0	70.1	0.22129	-13.1
4.5927	80.1	0.41240	-7.7	85.1	0.36843	-8.7	75.1	0.30930	-10.2	100.1	0.24208	-12.3	200.3	0.23142	-12.7
4.6415	80.1	0.38029	-8.4	85.1	0.29092	-10.7	130.2	0.27969	-11.1	95.1	0.26323	-11.6	110.2	0.23760	-12.5
4.6908	80.1	0.36319	-8.8	75.1	0.31822	-9.9	120.2	0.25253	-12.0	110.2	0.25221	-12.0	115.2	0.24389	-12.3
4.7414	90.1	0.30693	-10.3	145.2	0.29167	-10.7	195.3	0.26611	-11.5	140.2	0.24732	-12.1	120.2	0.24384	-12.3
4.7908	90.1	0.33752	-9.4	105.1	0.32721	-9.7	110.2	0.31862	-9.9	245.3	0.31276	-10.1	95.1	0.28444	-10.9
4.8310	240.3	5.70461	15.1	235.3	5.69724	15.1	230.3	5.45136	14.7	245.3	5.30848	14.5	225.3	5.25870	14.4
4.8814	235.3	107.02402	40.6	230.3	104.77443	40.4	240.3	85.18665	38.6	225.3	80.95840	38.2	220.3	52.25439	34.4
4.9418	225.3	281.22222	49.0	220.3	233.21010	47.4	230.3	177.73015	45.0	215.3	101.00251	40.1	410.6	83.61278	38.4
5.0014	220.3	263.79454	48.4	215.3	192.24745	45.7	225.3	184.15338	45.3	210.3	68.97197	36.8	230.3	67.70656	36.6
5.0509	230.3	89.39156	39.0	235.3	88.75349	39.0	225.3	70.66451	37.0	240.3	66.27435	36.4	220.3	47.31231	33.5
5.1053	205.3	14.33958	23.1	210.3	14.09472	23.0	215.3	12.29295	21.8	220.3	12.13923	21.7	225.3	11.67644	21.3
5.1510	200.3	1.93158	5.7	195.3	1.81376	5.2	205.3	1.71996	4.7	210.3	1.68057	4.5	190.3	1.28234	2.2
5.2014	260.4	0.28722	-10.8	245.3	0.27569	-11.2	265.4	0.26985	-11.4	295.4	0.26942	-11.4	240.3	0.25702	-11.8
5.2508	235.3	0.28937	-10.8	75.1	0.27639	-11.2	70.1	0.26345	-11.6	100.1	0.26240	-11.6	240.3	0.26213	-11.6
5.2973	65.1	0.29131	-10.7	70.1	0.28017	-11.1	165.2	0.27467	-11.2	85.1	0.24607	-12.2	130.2	0.22075	-13.1
5.3453	50.1	0.28748	-10.8	140.2	0.27699	-11.2	145.2	0.24345	-12.3	55.1	0.24031	-12.4	210.3	0.23395	-12.6
5.3914	180.3	0.31276	-10.1	185.3	0.31204	-10.1	95.1	0.28386	-10.9	200.3	0.24349	-12.3	55.1	0.24346	-12.3
5.4415	50.1	0.39248	-8.1	190.3	0.30907	-10.2	55.1	0.27215	-11.3	90.1	0.24732	-12.1	195.3	0.23485	-12.6
5.4908	215.3	0.82813	-1.6	230.3	0.82339	-1.7	210.3	0.82006	-1.7	220.3	0.80039	-1.9	225.3	0.78409	-2.1
5.5414	235.3	63.27226	36.0	230.3	61.89810	35.8	240.3	55.33225	34.9	225.3	51.82275	34.3	245.3	40.90152	32.2
5.5908	225.3	242.54992	47.7	220.3	189.36636	45.5	230.3	182.11870	45.2	215.3	84.68574	38.6	235.3	81.22827	38.2
5.6510	230.3	305.52331	49.7	235.3	282.83382	49.0	225.3	147.49076	43.4	240.3	123.38977	41.8	430.6	71.27433	37.1
5.7098	230.3	137.56606	42.8	235.3	135.46951	42.6	225.3	96.50921	39.7	240.3	90.38811	39.1	220.3	49.87435	34.0
5.7534	230.3	19.73476	25.9	225.3	19.55062	25.8	235.3	19.28366	25.7	240.3	17.85952	25.0	210.3	17.81351	25.0
5.8015	210.3	3.82080	11.6	205.3	3.55932	11.0	215.3	3.25146	10.2	200.3	2.68682	8.6	220.3	1.95331	5.8
5.8510	75.1	0.34192	-9.3	70.1	0.29779	-10.5	65.1	0.25524	-11.9	80.1	0.25147	-12.0	100.1	0.21051	-13.5
5.9014	95.1	0.29928	-10.5	120.2	0.29575	-10.6	115.2	0.26573	-11.5	100.1	0.25807	-11.8	245.3	0.24477	-12.2
5.9530	130.2	0.32240	-9.8	135.2	0.29433	-10.6	80.1	0.20941	-13.6	260.4	0.20847	-13.6	175.2	0.20569	-13.7
6.0014	110.2	0.31785	-10.0	245.3	0.30730	-10.2	230.3	0.27227	-11.3	105.1	0.26898	-11.4	240.3	0.25480	-11.9
6.0498	140.2	0.35233	-9.1	145.2	0.30502	-10.3	135.2	0.29982	-10.5	105.1	0.25422	-11.9	240.3	0.21948	-13.2
6.0908	100.1	0.29642	-10.6	55.1	0.27970	-11.1	60.1	0.26397	-11.6	150.2	0.23841	-12.5	145.2	0.23762	-12.5
6.1469	60.1	0.42586	-7.4	55.1	0.38524	-8.3	100.1	0.33804	-9.4	65.1	0.25293	-11.9	105.1	0.24664	-12.2
6.1908	230.3	35.26838	30.9	235.3	33.85113	30.6	225.3	33.15695	30.4	240.3	29.03974	29.3	220.3	28.22848	29.0
6.2433	230.3	198.91371	46.0	225.3	162.85513	44.2	235.3	159.10621	44.0	220.3	91.12303	39.2	240.3	81.09403	38.2
6.3015	225.3	313.14090	49.9	220.3	243.54392	47.7	230.3	200.61551	46.0	215.3	81.63432	38.2	410.6	67.84450	36.6
6.3614	225.3	186.03278	45.4	230.3	173.20573	44.8	220.3	123.84211	41.9	235.3	104.36763	40.4	215.3	58.51725	35.3
6.4108	235.3	35.18336	30.9	230.3	33.97869	30.6	240.3	29.79163	29.5	225.3	29.14131	29.3	220.3	25.40368	28.1
6.4608	215.3	6.83330	16.7	210.3	6.48327	16.2	220.3	4.95439	13.9	205.3	4.76122	13.6	200.3	3.14743	10.0
6.5065	220.3	0.46427	-6.7	210.3	0.37902	-8.4	250.4	0.33675	-9.5	230.3	0.33447	-9.5	255.4	0.30670	-10.3
6.5513	220.3	0.36111	-8.8	100.1	0.34784	-9.2	105.1	0.33117	-9.6	225.3	0.33058	-9.6	95.1	0.31234	-10.1
6.6015	110.2	0.29460	-10.6	105.1	0.28496	-10.9	100.1	0.24529	-12.2	145.2	0.23333	-12.6	95.1	0.22949	-12.8
6.6510	110.2	0.24216	-12.3	60.1	0.23929	-12.4	130.2	0.21033	-13.5	145.2	0.20970	-13.6	150.2	0.20952	-13.6
6.7034	50.1	0.31260	-10.1	220.3	0.29044	-10.7	65.1	0.28610	-10.9	80.1	0.27352	-11.3	85.1	0.26325	-11.6
6.7508	160.2	0.35059	-9.1	155.2	0.33817	-9.4	220.3	0.32755	-9.7	50.1	0.32382	-9.8	55.1	0.30906	-10.2
6.7998	225.3	0.36551	-8.7	155.2	0.34996	-9.1	220.3	0.32132	-9.9	150.2	0.31409	-10.1	230.3	0.29608	-10.6
6.8434	240.3	14.59363	23.3	235.3	14.08140	23.0	245.3	13.93566	22.9	230.3	13.03543	22.3	250.4	12.80174	22.1
6.8974	235.3	150.52197	43.6	230.3	133.23633	42.5	240.3	124.68795	41.9	225.3	85.84720	38.7	245.3	76.49801	37.7
6.9541	225.3	306.71592	49.7	230.3	256.79099	48.2	220.3	175.96183	44.9	235.3	126.72276	42.1	210.3	61.62923	35.8
7.0108	230.3	236.01420	47.5	225.3	195.70369	45.8	235.3	167.54878	44.5	220.3	105.71323	40.5	240.3	58.08419	35.3
7.0614	230.3	66.50769	36.5	235.3	64.20544	36.2	225.3	52.73794	34.4	240.3	48.33632	33.7	220.3	32.87379	30.3
7.1108	205.3	10.01260	20.0	210.3	9.15002	19.2	200.3	8.67927	18.8	215.3	6.56333	16.3	220.3	6.00001	15.6
7.1614	205.3	0.90915	-0.8	200.3	0.78749	-2.1	215.3	0.72215	-2.8	210.3	0.67350	-3.4	195.3	0.66000	-3.6
7.2113	85.1	0.31380	-10.1	50.1	0.29681	-10.6	70.1	0.28510	-10.9	130.2	0.27614	-11.2	55.1	0.26492	-11.5
7.2565	90.1	0.38812	-8.2	95.1	0.36838	-8.7	85.1	0.36339	-8.8	80.1	0.33040	-9.6	50.1	0.32750	-9.7
7.3024	110.2	0.33400	-9.5	105.1	0.31234	-10.1	115.2	0.30361	-10.4	95.1	0.29699	-10.5	100.1	0.25491	-11.9
7.3509	105.1	0.43370	-7.3	110.2	0.33216	-9.6	170.2	0.29820	-10.5	100.1	0.27177	-11.3	185.3	0.26437	-11.6
7.4015	105.1	0.40126	-7.9	170.2	0.27920	-11.1	65.1	0.26836	-11.4	180.3	0.26609	-11.5	175.2	0.25980	-11.7
7.4509	145.2	0.30717	-10.3	150.2	0.29152	-10.7	75.1	0.23101	-12.7	70.1	0.22706	-12.9	130.2	0.21918	-13.2
7.5014	225.3	3.22803	10.2	235.3	3.21700	10.1	220.3	3.17187	10.0	230.3	3.13963	9.9	240.3	2.98921	9.5
7.5499	235.3	91.14753	39.2	230.3	90.22629	39.1	240.3	74.45097	37.4	225.3	73.90620	37.4	220.3	51.66605	34.3
7.6023	230.3	270.41408	48.6	235.3	214.95490	46.6	225.3	187.77419	45.5	240.3	97.51664	39.8	220.3	77.10507	37.7
7.6615	230.3	271.56321	48.7	235.3	258.90355	48.3	225.3	148.91109	43.5	240.3	132.73971	42.5	220.3	71.74955	37.1
7.7153	230.3	108.10251	40.7	235.3	102.91591	40.2	225.3	85.00732	38.6	240.3	75.06875	37.5	220.3	49.11991	33.8
7.7615	225.3	13.15539	22.4	205.3	13.07643	22.3	220.3	12.87532	22.2	210.3	12.53197	22.0	215.3	11.75636	21.4
7.8154	205.3	1.99559	6.0	200.3	1.87042	5.4	210.3	1.74262	4.8	195.3	1.59177	4.0	215.3	1.24243	1.9
7.8614	85.1	0.46120	-6.7	80.1	0.38645	-8.3	70.1	0.34946	-9.1	60.1	0.33337	-9.5	75.1	0.30607	-10.3
7.9109	90.1	0.39085	-8.2	70.1	0.36147	-8.8	160.2	0.35308	-9.0	85.1	0.32217	-9.8	65.1	0.31057	-10.2
7.9608	155.2	0.35139	-9.1	150.2	0.27439	-11.2	85.1	0.23599	-12.5	80.1	0.23165	-12.7	160.2	0.23113	-12.7
8.0015	130.2	0.31223	-10.1	135.2	0.25698	-11.8	160.2	0.24894	-12.1	125.2	0.23034	-12.8	155.2	0.22910	-12.8
8.0572	105.1	0.33299	-9.6	50.1	0.31253	-10.1	130.2	0.29668	-10.6	90.1	0.29253	-10.7	120.2	0.26554	-11.5
8.1052	105.1	0.55708	-5.1	100.1	0.49437	-6.1	110.2	0.42833	-7.4	85.1	0.30020	-10.5	155.2	0.28891	-10.8
8.1518	110.2	0.48891	-6.2	195.3	0.41036	-7.7	160.2	0.40057	-7.9	105.1	0.39229	-8.1	215.3	0.38103	-8.4
8.2015	235.3	52.55597	34.4	240.3	52.10647	34.3	230.3	47.03693	33.4	245.3	45.27373	33.1	225.3	38.04398	31.6
8.2509	225.3	227.16977	47.1	230.3	193.02449	45.7	220.3	160.07786	44.1	235.3	109.09753	40.8	210.3	61.28983	35.7
8.3109	225.3	296.72665	49.4	230.3	212.55133	46.5	220.3	207.67929	46.3	235.3	81.29620	38.2	215.3	59.75278	35.5
8.3709	230.3	140.74342	43.0	225.3	140.31493	42.9	235.3	97.00407	39.7	220.3	93.44449	39.4	240.3	45.15653	33.1
8.4207	225.3	23.10562	27.3	230.3	23.01453	27.2	220.3	21.38652	26.6	235.3	20.53825	26.3	205.3	18.79578	25.5
8.4643	210.3	4.82532	13.7	215.3	4.70193	13.4	205.3	3.76985	11.5	220.3	3.57963	11.1	200.3	2.26305	7.1
8.5158	235.3	0.29641	-10.6	205.3	0.27132	-11.3	120.2	0.20484	-13.8	65.1	0.19750	-14.1	255.4	0.18847	-14.5
8.5611	65.1	0.29998	-10.5	105.1	0.25856	-11.7	60.1	0.25006	-12.0	70.1	0.24024	-12.4	110.2	0.22981	-12.8
8.6109	55.1	0.37825	-8.4	50.1	0.36235	-8.8	85.1	0.33525	-9.5	90.1	0.30801	-10.2	80.1	0.30609	-10.3
8.6614	135.2	0.44577	-7.0	80.1	0.43247	-7.3	75.1	0.42782	-7.4	70.1	0.42684	-7.4	85.1	0.36902	-8.7
8.7109	135.2	0.46489	-6.7	140.2	0.46408	-6.7	75.1	0.34188	-9.3	70.1	0.29764	-10.5	130.2	0.28987	-10.8
8.7509	50.1	0.29037	-10.7	100.1	0.28424	-10.9	135.2	0.26005	-11.7	200.3	0.25658	-11.8	95.1	0.24538	-12.2
8.8084	170.2	0.32901	-9.7	110.2	0.29272	-10.7	80.1	0.27822	-11.1	85.1	0.27633	-11.2	105.1	0.27610	-11.2
8.8562	225.3	24.25580	27.7	230.3	24.18543	27.7	235.3	22.61101	27.1	220.3	22.38000	27.0	215.3	19.17078	25.7
8.9025	230.3	175.41755	44.9	235.3	152.33035	43.7	225.3	138.83022	42.8	240.3	90.73451	39.2	220.3	77.91112	37.8
8.9620	230.3	307.61706	49.8	225.3	237.78983	47.5	235.3	202.49159	46.1	420.6	78.96590	37.9	425.6	77.47254	37.8
9.0215	225.3	210.23330	46.5	220.3	172.25042	44.7	230.3	143.85156	43.2	215.3	73.42658	37.3	235.3	54.21579	34.7
9.0709	235.3	52.56832	34.4	230.3	51.71894	34.3	225.3	41.89133	32.4	240.3	40.51998	32.2	220.3	29.00614	29.2
9.1225	205.3	9.59098	19.6	210.3	8.58802	18.7	200.3	8.10440	18.2	215.3	5.93371	15.5	195.3	5.32289	14.5
9.1709	205.3	0.92000	-0.7	210.3	0.86795	-1.2	200.3	0.76372	-2.3	220.3	0.63868	-3.9	215.3	0.61554	-4.2
9.2179	150.2	0.35388	-9.0	60.1	0.30051	-10.4	120.2	0.28813	-10.8	220.3	0.26227	-11.6	215.3	0.25186	-12.0
9.2659	95.1	0.38715	-8.2	90.1	0.36187	-8.8	65.1	0.32331	-9.8	60.1	0.28144	-11.0	225.3	0.28055	-11.0
9.3153	90.1	0.42262	-7.5	95.1	0.35207	-9.1	135.2	0.34771	-9.2	130.2	0.34708	-9.2	140.2	0.29610	-10.6
9.3615	135.2	0.34347	-9.3	130.2	0.32459	-9.8	95.1	0.29756	-10.5	70.1	0.29099	-10.7	120.2	0.28989	-10.8
9.4109	75.1	0.35021	-9.1	70.1	0.33617	-9.5	115.2	0.29165	-10.7	110.2	0.24343	-12.3	80.1	0.23734	-12.5
9.4615	110.2	0.29741	-10.5	115.2	0.29580	-10.6	70.1	0.27691	-11.2	145.2	0.27635	-11.2	85.1	0.25152	-12.0
9.5100	240.3	8.65692	18.7	235.3	8.61662	18.7	245.3	8.46622	18.6	230.3	8.02391	18.1	250.4	7.94421	18.0
9.5509	235.3	123.19248	41.8	230.3	119.25012	41.5	240.3	98.58244	39.9	225.3	87.31194	38.8	245.3	64.74756	36.2
9.6109	230.3	300.00257	49.5	235.3	242.20407	47.7	225.3	191.42793	45.6	240.3	79.76250	38.0	425.6	72.37547	37.2
9.6727	220.3	246.13797	47.8	225.3	228.50354	47.2	215.3	120.54563	41.6	230.3	101.62150	40.1	410.6	51.05019	34.2
9.7215	230.3	87.25490	38.8	235.3	79.96580	38.1	225.3	69.90092	36.9	240.3	56.95665	35.1	220.3	43.76898	32.8
9.7709	205.3	14.02592	22.9	210.3	13.33561	22.5	220.3	13.12651	22.4	215.3	12.40895	21.9	225.3	11.53555	21.2
9.8215	200.3	2.24456	7.0	195.3	2.05822	6.3	205.3	1.95195	5.8	190.3	1.60528	4.1	210.3	1.16396	1.3
9.8720	90.1	0.35058	-9.1	85.1	0.34874	-9.1	225.3	0.31715	-10.0	80.1	0.31011	-10.2	105.1	0.29833	-10.5
9.9210	100.1	0.28314	-11.0	85.1	0.27684	-11.2	220.3	0.25105	-12.0	105.1	0.24489	-12.2	50.1	0.23940	-12.4
9.9614	115.2	0.30789	-10.2	75.1	0.27064	-11.4	230.3	0.24929	-12.1	110.2	0.22462	-13.0	50.1	0.21606	-13.3
10.0179	110.2	0.35570	-9.0	105.1	0.30834	-10.2	65.1	0.28512	-10.9	115.2	0.28275	-11.0	235.3	0.27724	-11.1
10.0648	100.1	0.34730	-9.2	60.1	0.32679	-9.7	65.1	0.27573	-11.2	220.3	0.24914	-12.1	135.2	0.23109	-12.7
10.1118	140.2	0.28590	-10.9	80.1	0.27428	-11.2	185.3	0.26389	-11.6	145.2	0.26172	-11.6	100.1	0.22938	-12.8
10.1615	220.3	1.48889	3.5	225.3	1.48096	3.4	235.3	1.47458	3.4	230.3	1.40413	2.9	215.3	1.39419	2.9
10.2109	235.3	76.51922	37.7	230.3	72.72033	37.2	240.3	67.45062	36.6	225.3	58.26429	35.3	245.3	49.51874	33.9
10.2615	225.3	259.67070	48.3	230.3	203.20332	46.2	220.3	188.91717	45.5	235.3	97.92153	39.8	215.3	66.64024	36.5
10.3215	230.3	305.37562	49.7	235.3	259.00776	48.3	225.3	161.86242	44.2	240.3	101.73777	40.1	425.6	48.02302	33.6
10.3800	235.3	123.29685	41.8	230.3	121.56593	41.7	240.3	86.01017	38.7	225.3	77.37398	37.8	245.3	43.36336	32.7
10.4298	225.3	17.88524	25.0	220.3	16.97869	24.6	230.3	16.22247	24.2	205.3	16.22085	24.2	235.3	16.14093	24.2
10.4715	210.3	3.74956	11.5	205.3	3.36088	10.5	215.3	3.20814	10.1	200.3	2.46130	7.8	220.3	2.05007	6.2
10.5215	225.3	0.33351	-9.5	50.1	0.26953	-11.4	130.2	0.26258	-11.6	255.4	0.23534	-12.6	125.2	0.23214	-12.7
10.5709	155.2	0.33550	-9.5	50.1	0.28746	-10.8	150.2	0.26408	-11.6	230.3	0.26135	-11.7	235.3	0.25117	-12.0
10.6215	160.2	0.34271	-9.3	165.2	0.30318	-10.4	155.2	0.29477	-10.6	135.2	0.24118	-12.4	130.2	0.24039	-12.4
10.6709	235.3	0.29917	-10.5	85.1	0.29580	-10.6	240.3	0.28380	-10.9	90.1	0.24574	-12.2	265.4	0.24406	-12.3
10.7199	230.3	0.37100	-8.6	235.3	0.32215	-9.8	225.3	0.30427	-10.3	85.1	0.29518	-10.6	80.1	0.29318	-10.7
10.7615	105.1	0.30285	-10.4	110.2	0.29484	-10.6	80.1	0.28902	-10.8	65.1	0.26999	-11.4	380.5	0.24300	-12.3
10.8153	65.1	0.33827	-9.4	70.1	0.32549	-9.7	75.1	0.27422	-11.2	160.2	0.26914	-11.4	105.1	0.24614	-12.2
10.8657	230.3	44.24447	32.9	225.3	41.83815	32.4	235.3	41.15057	32.3	220.3	34.99506	30.9	240.3	33.64856	30.5
10.9152	230.3	211.38451	46.5	225.3	193.53119	45.7	235.3	144.60970	43.2	220.3	113.55138	41.1	420.6	64.75344	36.2
10.9738	225.3	310.58679	49.8	230.3	283.28138	49.0	220.3	141.51036	43.0	235.3	124.74290	41.9	420.6	83.98807	38.5
11.0309	225.3	161.09850	44.1	230.3	157.48753	43.9	220.3	106.40375	40.5	235.3	103.40227	40.3	215.3	52.64116	34.4
11.0827	230.3	29.88935	29.5	225.3	29.12251	29.3	220.3	28.35539	29.1	215.3	27.37278	28.7	235.3	27.32780	28.7
11.1309	210.3	6.57519	16.4	205.3	6.19987	15.8	215.3	5.17183	14.3	200.3	4.23059	12.5	220.3	3.02598	9.6
11.1799	195.3	0.45308	-6.9	215.3	0.44338	-7.1	60.1	0.41561	-7.6	55.1	0.39511	-8.1	210.3	0.38979	-8.2
11.2250	100.1	0.29217	-10.7	215.3	0.27680	-11.2	195.3	0.25136	-12.0	140.2	0.24259	-12.3	150.2	0.23675	-12.5
11.2715	105.1	0.49620	-6.1	100.1	0.48603	-6.3	110.2	0.32146	-9.9	190.3	0.27269	-11.3	195.3	0.27218	-11.3
11.3214	95.1	0.42103	-7.5	100.1	0.39928	-8.0	90.1	0.29544	-10.6	105.1	0.26796	-11.4	85.1	0.26538	-11.5
11.3709	95.1	0.29249	-10.7	85.1	0.27745	-11.1	60.1	0.21419	-13.4	120.2	0.20459	-13.8	80.1	0.20439	-13.8
11.4215	90.1	0.33911	-9.4	115.2	0.32829	-9.7	85.1	0.31856	-9.9	110.2	0.30934	-10.2	120.2	0.30558	-10.3
11.4707	90.1	0.42318	-7.5	85.1	0.39667	-8.0	80.1	0.34444	-9.3	195.3	0.33323	-9.5	50.1	0.31789	-10.0
11.5153	240.3	19.27840	25.7	245.3	19.02262	25.6	235.3	18.06507	25.1	250.4	17.67058	24.9	230.3	15.93216	24.0
11.5615	235.3	163.43647	44.3	230.3	150.86997	43.6	240.3	127.19609	42.1	225.3	100.03202	40.0	245.3	72.09413	37.2
11.6215	230.3	305.08380	49.7	225.3	277.20937	48.9	235.3	169.40983	44.6	220.3	107.94577	40.7	420.6	58.30991	35.3
11.6815	220.3	227.64614	47.1	215.3	181.44514	45.2	225.3	153.93881	43.7	210.3	76.54728	37.7	230.3	51.56705	34.2
11.7309	230.3	61.03749	35.7	225.3	53.96147	34.6	235.3	53.07231	34.5	240.3	35.87605	31.1	220.3	35.80061	31.1
11.7849	200.3	9.76226	19.8	205.3	8.89228	19.0	195.3	8.27340	18.4	210.3	6.44530	16.2	220.3	5.28795	14.5
11.8315	200.3	0.90087	-0.9	195.3	0.86407	-1.3	205.3	0.78073	-2.2	190.3	0.72908	-2.7	210.3	0.69767	-3.1
