# LRA Stimulus Response — Time Series Data
# Source file:      ramp_90to60BPM_12s_210Hz.wav
# Generated:        2026-07-17 14:00:19
# Stimulus duration:12.000 s
# Analysis window:  0.436s to 12.685s (clipped 0.4s at start, 0.8s+ at end,
#                    plus automatic trim of any trailing cutoff-ring artifact)
# Accel sample rate: 1690.5-2050.2 Hz (range across windows; 1912.9 Hz overall for this recording)
#                    peak_freq_hz below uses EACH WINDOW'S OWN rate (spread: 359.7 Hz) for maximum accuracy per instant
# FFT window size:  200 ms (382 samples)
# FFT step size:    50 ms
# FFT freq resolution: ~5.01 Hz per bin (at overall rate)
# LRA resonance:    210 Hz (free-air, characterized separately)
# Rows:             247
#
# To recreate plot in Python:
#   import numpy as np, matplotlib.pyplot as plt
#   data = np.loadtxt('filename.txt', delimiter='	', comments='#')
#   t, rms, freq = data[:,0], data[:,1], data[:,2]
#   fig, (ax1, ax2) = plt.subplots(2,1, sharex=True)
#   ax1.plot(t, rms);  ax1.set_ylabel('RMS Acceleration (g)')
#   ax2.plot(t, freq); ax2.set_ylabel('Dominant Frequency (Hz)')
#   plt.show()
#
# Columns:
# time_s	rms_g	peak_freq_hz
0.4361	0.004097	52.15
0.4802	0.004410	69.70
0.5300	0.004627	76.55
0.5806	0.004754	80.61
0.6301	0.004681	98.65
0.6781	0.004765	104.03
0.7221	0.004715	46.61
0.7723	0.004534	46.27
0.8221	0.152543	4.99
0.8721	0.930880	234.70
0.9221	1.173111	229.19
0.9806	1.184192	228.93
1.0397	1.176967	225.63
1.0900	0.744876	244.84
1.1380	0.169089	209.19
1.1802	0.027306	235.45
1.2296	0.004666	99.80
1.2806	0.004447	15.00
1.3301	0.004851	15.16
1.3796	0.005232	73.67
1.4270	0.005175	99.62
1.4701	0.005099	125.96
1.5203	0.544624	5.16
1.5696	1.077626	237.47
1.6201	1.214035	226.82
1.6801	1.217800	226.19
1.7402	1.100515	222.75
1.7901	0.578951	206.62
1.8396	0.099824	210.64
1.8829	0.014175	104.92
1.9296	0.004958	97.27
1.9802	0.004875	30.27
2.0301	0.004853	134.47
2.0805	0.004775	120.82
2.1298	0.004512	152.51
2.1701	0.004465	190.34
2.2263	0.527441	250.12
2.2744	1.054679	226.93
2.3212	1.180521	228.55
2.3855	1.184417	227.08
2.4402	1.069038	222.81
2.4896	0.551875	203.94
2.5406	0.096754	200.15
2.5860	0.013648	119.78
2.6345	0.004782	87.88
2.6812	0.004672	122.95
2.7328	0.004408	122.42
2.7807	0.004707	125.67
2.8300	0.004856	128.46
2.8796	0.004953	105.28
2.9269	0.287534	5.25
2.9701	0.976093	227.05
3.0201	1.179499	233.78
3.0865	1.188739	221.27
3.1402	1.160790	222.04
3.1955	0.692338	235.16
3.2402	0.149733	204.44
3.2900	0.025095	15.52
3.3403	0.004733	40.75
3.3883	0.004785	41.35
3.4360	0.004612	41.57
3.4830	0.004883	98.64
3.5316	0.004686	15.42
3.5804	0.004561	60.90
3.6300	0.004471	63.48
3.6795	0.676996	244.40
3.7202	1.127037	235.81
3.7804	1.196643	226.62
3.8415	1.198543	222.79
3.8900	0.998302	233.51
3.9440	0.424465	210.91
3.9897	0.070788	199.39
4.0401	0.007779	20.48
4.0901	0.004154	25.27
4.1388	0.004099	25.65
4.1870	0.004234	26.18
4.2346	0.004488	208.66
4.2806	0.004653	25.83
4.3300	0.004728	76.69
4.3801	0.004678	78.91
4.4296	0.696606	235.59
4.4702	1.127586	237.58
4.5332	1.183744	229.10
4.5900	1.185288	226.88
4.6448	0.958799	235.70
4.6900	0.381530	209.45
4.7405	0.063765	209.20
4.7900	0.006627	199.96
4.8403	0.004450	105.23
4.8895	0.004645	10.49
4.9301	0.004649	30.74
4.9802	0.004888	29.73
5.0350	0.004916	79.86
5.0818	0.004681	79.80
5.1299	0.004365	85.87
5.1802	0.484065	5.02
5.2207	1.052091	232.44
5.2805	1.190211	231.68
5.3402	1.195120	226.42
5.3949	1.101359	233.34
5.4409	0.583513	218.94
5.4899	0.111807	204.56
5.5406	0.015636	75.34
5.5899	0.004756	78.68
5.6395	0.004954	81.49
5.6801	0.004902	193.58
5.7364	0.004629	182.99
5.7806	0.004714	159.62
5.8333	0.004768	235.90
5.8800	0.004928	61.74
5.9299	0.004933	26.17
5.9744	0.698955	238.87
6.0230	1.131511	233.31
6.0805	1.187520	223.53
6.1406	1.189026	225.74
6.1975	0.974068	233.32
6.2439	0.389658	204.73
6.2899	0.062614	206.97
6.3403	0.006101	56.02
6.3898	0.004274	57.69
6.4397	0.004336	52.58
6.4801	0.004561	26.17
6.5300	0.004561	40.24
6.5803	0.004854	113.75
6.6297	0.004963	54.78
6.6818	0.005210	126.22
6.7303	0.005127	10.44
6.7779	0.610360	234.28
6.8208	1.108393	232.25
6.8803	1.193088	231.34
6.9402	1.195596	226.79
6.9935	1.037223	232.98
7.0407	0.469721	224.18
7.0901	0.078420	203.26
7.1404	0.010455	94.68
7.1897	0.004926	167.59
7.2303	0.004549	31.60
7.2806	0.004417	25.16
7.3297	0.004190	103.80
7.3803	0.004020	104.66
7.4321	0.004062	60.60
7.4807	0.004055	46.22
7.5272	0.004159	41.46
7.5745	0.029832	41.96
7.6222	0.875358	237.66
7.6699	1.178272	231.75
7.7329	1.197853	225.17
7.7897	1.198217	226.79
7.8437	0.829640	235.59
7.8898	0.220291	212.80
7.9398	0.037373	212.61
7.9819	0.005122	109.92
8.0303	0.005120	105.03
8.0803	0.005195	40.20
8.1297	0.005038	40.02
8.1803	0.004993	42.12
8.2297	0.004609	31.38
8.2698	0.004483	25.57
8.3204	0.004480	109.88
8.3754	0.004669	144.62
8.4203	0.006311	79.81
8.4698	0.785578	240.57
8.5203	1.148494	238.11
8.5785	1.180170	226.13
8.6298	1.181087	229.28
8.6903	0.895500	236.20
8.7378	0.296046	200.05
8.7854	0.049318	215.17
8.8342	0.005536	141.93
8.8804	0.004269	10.23
8.9298	0.004286	53.57
8.9804	0.004384	47.39
9.0204	0.004619	41.86
9.0698	0.004467	42.00
9.1204	0.004704	44.34
9.1698	0.004753	44.67
9.2228	0.004539	110.82
9.2707	0.004729	81.40
9.3184	0.216215	5.10
9.3658	0.959928	244.86
9.4176	1.180353	230.39
9.4703	1.190021	229.38
9.5348	1.178227	228.08
9.5832	0.720866	222.97
9.6303	0.162653	204.67
9.6805	0.024300	57.39
9.7298	0.004497	26.03
9.7744	0.004617	26.22
9.8219	0.004725	25.63
9.8707	0.004929	141.41
9.9204	0.004930	95.40
9.9719	0.004784	132.01
10.0205	0.005092	137.78
10.0672	0.004907	109.01
10.1159	0.004930	41.67
10.1640	0.004879	25.81
10.2114	0.005765	25.71
10.2604	0.783837	244.19
10.3098	1.138132	231.46
10.3642	1.169891	226.72
10.4269	1.170712	236.45
10.4804	0.882887	237.58
10.5207	0.284667	216.40
10.5699	0.045469	215.88
10.6204	0.004914	109.90
10.6698	0.004362	139.68
10.7204	0.004400	90.05
10.7698	0.004680	41.87
10.8198	0.004694	153.81
10.8604	0.004909	154.02
10.9149	0.004644	82.10
10.9641	0.004653	29.92
11.0142	0.004771	30.71
11.0604	0.004654	21.37
11.1098	0.004654	40.55
11.1508	0.009879	47.33
11.2065	0.838508	238.65
11.2500	1.186884	223.48
11.3104	1.212771	231.60
11.3739	1.213455	226.36
11.4219	0.887536	232.57
11.4703	0.268469	204.47
11.5205	0.044573	197.55
11.5698	0.004985	101.48
11.6188	0.004554	25.59
11.6669	0.004584	24.94
11.7154	0.004690	101.14
11.7640	0.004639	99.67
11.8121	0.004639	82.99
11.8605	0.004763	109.18
11.9071	0.004498	52.34
11.9553	0.004542	141.85
12.0027	0.004398	82.58
12.0504	0.004095	106.73
12.1004	0.004138	101.15
12.1515	0.004473	35.53
12.1999	0.004843	102.25
12.2468	0.005040	97.89
12.2955	0.005118	98.71
12.3434	0.004920	97.91
12.3914	0.004707	102.65
12.4404	0.004504	52.09
12.4898	0.004691	52.29
12.5348	0.004733	47.40
12.5821	0.004868	102.31
12.6298	0.004954	120.87
12.6848	0.004849	120.77
