# LRA Top-5 Frequency Peaks — Condensed Summary
# Source file: risset_decelerating_haptic.wav
# Generated:   2026-07-17 14:01:18
# Accel sample rate: 1746.1-1985.2 Hz per-window range (1869.4 Hz overall)
# Freq resolution:   5.01 Hz per bin (peaks below are quantized to this common grid;
#                    each window measured at its own real rate, then
#                    resampled here for cross-window comparability)
# Rows:        234
#
# For each time window, the top 5 frequency peaks by magnitude,
# sorted strongest first. Each peak is reported in BOTH units:
#   peakN_g  = linear amplitude in g (true physical intensity)
#   peakN_db = 20*log10(g) (compressed range — easier to compare
#              strong vs weak components, e.g. Shepard octave partners)
#
# NOTE: adjacent bins around one physical tone can both appear as
# separate 'peaks' — treat peaks within 1-2 bins of each other as
# the same component.
#
time_s	peak1_hz	peak1_g	peak1_db	peak2_hz	peak2_g	peak2_db	peak3_hz	peak3_g	peak3_db	peak4_hz	peak4_g	peak4_db	peak5_hz	peak5_g	peak5_db
0.4404	240.6	49.46503	33.9	245.6	48.08435	33.6	235.6	46.38304	33.3	250.6	42.44174	32.6	230.5	38.91955	31.8
0.4910	235.6	146.23757	43.3	240.6	139.99348	42.9	230.5	139.38762	42.9	245.6	122.36263	41.8	225.5	114.69564	41.2
0.5466	235.6	106.77972	40.6	240.6	105.39494	40.5	245.6	100.82731	40.1	230.5	99.96030	40.0	250.6	90.87444	39.2
0.5941	220.5	26.83013	28.6	225.5	24.67234	27.8	215.5	23.33137	27.4	210.5	19.25976	25.7	230.5	18.22612	25.2
0.6373	205.5	4.11942	12.3	210.5	3.82065	11.6	200.5	3.20556	10.1	215.5	2.55714	8.2	195.5	2.11935	6.5
0.6879	240.6	46.86184	33.4	245.6	44.77446	33.0	235.6	43.84368	32.8	250.6	38.60675	31.7	230.5	36.71789	31.3
0.7373	230.5	189.41965	45.5	225.5	181.12639	45.2	235.6	145.78523	43.3	220.5	123.66411	41.8	240.6	80.98919	38.2
0.7940	230.5	195.15991	45.8	235.6	193.91524	45.8	240.6	138.75172	42.8	225.5	132.39931	42.4	245.6	65.39446	36.3
0.8478	230.5	59.11904	35.4	235.6	57.63905	35.2	225.5	49.30476	33.9	240.6	47.65222	33.6	210.5	42.26177	32.5
0.8940	205.5	12.32220	21.8	210.5	12.30217	21.8	215.5	9.72603	19.8	220.5	9.34531	19.4	200.5	8.61859	18.7
0.9413	245.6	29.20293	29.3	240.6	28.36458	29.1	250.6	27.69859	28.8	235.6	26.12844	28.3	255.6	24.04191	27.6
0.9877	240.6	141.32922	43.0	235.6	136.86068	42.7	245.6	126.22525	42.0	230.5	107.29177	40.6	250.6	100.81082	40.1
1.0440	240.6	147.96528	43.4	245.6	141.07327	43.0	235.6	125.58829	42.0	250.6	120.26995	41.6	255.6	94.34376	39.5
1.0940	230.5	43.89730	32.8	225.5	40.38323	32.1	235.6	38.01593	31.6	220.5	30.90504	29.8	240.6	28.69204	29.2
1.1372	205.5	9.48425	19.5	210.5	7.65114	17.7	200.5	6.44400	16.2	195.5	3.46237	10.8	215.5	3.36116	10.5
1.1879	250.6	7.30014	17.3	240.6	7.06788	17.0	255.6	7.00606	16.9	245.6	6.74833	16.6	260.6	6.69021	16.5
1.2363	230.5	114.05691	41.1	225.5	109.76220	40.8	235.6	96.33116	39.7	220.5	84.01784	38.5	240.6	68.09241	36.7
1.2879	230.5	224.67608	47.0	235.6	213.54724	46.6	225.5	159.41739	44.1	240.6	151.31616	43.6	245.6	87.33556	38.8
1.3466	235.6	142.36268	43.1	230.5	130.41242	42.3	240.6	115.19922	41.2	225.5	87.99669	38.9	245.6	67.57837	36.6
1.3929	225.5	29.08735	29.3	220.5	28.55779	29.1	230.5	26.22677	28.4	215.5	22.60864	27.1	235.6	21.48317	26.6
1.4375	205.5	10.10735	20.1	210.5	8.41147	18.5	200.5	8.27479	18.4	195.5	5.01848	14.0	215.5	3.94924	11.9
1.4874	250.6	41.35050	32.3	245.6	40.55843	32.2	255.6	37.73355	31.5	240.6	36.84878	31.3	260.6	31.91457	30.1
1.5340	240.6	163.01684	44.2	235.6	153.93253	43.7	245.6	143.05855	43.1	230.5	113.48524	41.1	250.6	108.91584	40.7
1.5880	235.6	155.91664	43.9	240.6	150.02474	43.5	230.5	128.48928	42.2	245.6	116.36898	41.3	225.5	77.07098	37.7
1.6375	235.6	38.45107	31.7	240.6	38.22806	31.6	245.6	35.12308	30.9	230.5	33.85469	30.6	250.6	28.95969	29.2
1.6879	205.5	12.57139	22.0	200.5	9.37809	19.4	210.5	7.51092	17.5	190.5	6.61934	16.4	185.4	6.49649	16.3
1.7279	200.5	5.57997	14.9	195.5	5.48117	14.8	190.5	4.42092	12.9	205.5	4.40459	12.9	185.4	3.84916	11.7
1.7774	240.6	71.95717	37.1	235.6	71.11599	37.0	245.6	63.35677	36.0	230.5	59.93956	35.6	250.6	49.82050	33.9
1.8280	230.5	212.19700	46.5	225.5	202.73159	46.1	235.6	155.81085	43.9	220.5	127.91134	42.1	240.6	83.78447	38.5
1.8900	225.5	189.10640	45.5	230.5	169.29349	44.6	220.5	140.95273	43.0	235.6	100.54916	40.0	215.5	60.34055	35.6
1.9375	225.5	48.56814	33.7	230.5	42.98133	32.7	220.5	41.46876	32.4	235.6	36.62875	31.3	215.5	32.17957	30.2
1.9880	215.5	20.20838	26.1	210.5	19.89040	26.0	205.5	11.79729	21.4	220.5	11.00743	20.8	230.5	7.75526	17.8
2.0350	205.5	8.54974	18.6	200.5	8.14884	18.2	195.5	5.42465	14.7	215.5	4.83387	13.7	210.5	4.79530	13.6
2.0773	240.6	83.11013	38.4	235.6	81.22117	38.2	245.6	74.85882	37.5	230.5	66.66028	36.5	250.6	61.42666	35.8
2.1326	230.5	177.67222	45.0	235.6	173.21659	44.8	240.6	137.76491	42.8	225.5	135.11414	42.6	245.6	99.53352	40.0
2.1879	230.5	116.46611	41.3	235.6	114.98988	41.2	240.6	87.92550	38.9	225.5	86.86004	38.8	245.6	55.12524	34.8
2.2376	230.5	24.64208	27.8	220.5	21.84785	26.8	205.5	21.83102	26.8	235.6	17.48973	24.9	225.5	17.26603	24.7
2.2773	210.5	22.48770	27.0	215.5	18.06165	25.1	205.5	15.16367	23.6	220.5	13.97145	22.9	225.5	12.46785	21.9
2.3280	210.5	11.29348	21.1	205.5	9.18048	19.3	215.5	8.44863	18.5	200.5	7.10153	17.0	230.5	5.50800	14.8
2.3774	230.5	71.74264	37.1	225.5	69.12028	36.8	235.6	64.91451	36.2	220.5	55.85901	34.9	240.6	54.40759	34.7
2.4274	225.5	202.25723	46.1	230.5	189.48556	45.6	220.5	143.00798	43.1	235.6	127.04681	42.1	250.6	80.47578	38.1
2.4880	225.5	185.96626	45.4	230.5	178.70287	45.0	220.5	115.33552	41.2	235.6	109.12287	40.8	255.6	44.07512	32.9
2.5379	225.5	52.84628	34.5	230.5	48.70999	33.8	220.5	43.32019	32.7	235.6	36.07832	31.1	215.5	32.94588	30.4
2.5854	210.5	30.50268	29.7	205.5	29.19847	29.3	220.5	22.80392	27.2	215.5	22.52419	27.1	225.5	20.53844	26.3
2.6330	210.5	18.30741	25.3	205.5	16.89869	24.6	215.5	15.37567	23.7	220.5	13.75607	22.8	225.5	12.93789	22.2
2.6805	250.6	34.56206	30.8	245.6	33.90658	30.6	255.6	33.59439	30.5	260.6	30.89316	29.8	240.6	29.58091	29.4
2.7274	235.6	160.43922	44.1	230.5	158.72759	44.0	240.6	123.98527	41.9	225.5	115.26612	41.2	245.6	80.65121	38.1
2.7775	240.6	182.26540	45.2	235.6	162.55888	44.2	245.6	148.20822	43.4	230.5	101.30367	40.1	250.6	79.88668	38.0
2.8365	225.5	57.50468	35.2	230.5	57.29252	35.2	235.6	47.18212	33.5	220.5	45.92585	33.2	200.5	30.38992	29.7
2.8776	205.5	33.41618	30.5	215.5	27.42756	28.8	200.5	23.93527	27.6	210.5	19.58139	25.8	220.5	14.55914	23.3
2.9335	215.5	31.82539	30.1	220.5	29.64154	29.4	210.5	27.57770	28.8	225.5	26.07355	28.3	230.5	20.55834	26.3
2.9773	200.5	12.33168	21.8	195.5	9.00524	19.1	215.5	8.24226	18.3	205.5	7.63411	17.7	220.5	6.94438	16.8
3.0264	240.6	93.74072	39.4	235.6	89.44280	39.0	245.6	82.90997	38.4	230.5	69.62693	36.9	250.6	62.95712	36.0
3.0774	230.5	227.38150	47.1	225.5	196.80241	45.9	235.6	181.85428	45.2	240.6	105.18466	40.4	220.5	100.63117	40.1
3.1364	235.6	166.87277	44.4	240.6	164.82353	44.3	230.5	118.52822	41.5	245.6	117.72533	41.4	225.5	62.14368	35.9
3.1874	235.6	39.96196	32.0	230.5	38.18751	31.6	225.5	35.83445	31.1	215.5	35.26256	30.9	220.5	30.19542	29.6
3.2280	225.5	43.04880	32.7	220.5	38.59601	31.7	230.5	38.23480	31.6	215.5	34.80817	30.8	235.6	31.13546	29.9
3.2775	225.5	31.39390	29.9	220.5	29.75552	29.5	230.5	29.23984	29.3	215.5	25.74487	28.2	235.6	23.70475	27.5
3.3280	235.6	12.19311	21.7	240.6	11.09059	20.9	230.5	10.68750	20.6	195.5	10.00125	20.0	250.6	9.76319	19.8
3.3775	225.5	125.83078	42.0	230.5	121.53382	41.7	220.5	103.25915	40.3	235.6	94.57381	39.5	215.5	67.05981	36.5
3.4314	240.6	216.82622	46.7	235.6	213.26779	46.6	245.6	160.87902	44.1	230.5	144.17974	43.2	250.6	85.83775	38.7
3.4880	235.6	118.83949	41.5	240.6	110.18385	40.8	230.5	91.10987	39.2	245.6	76.46990	37.7	225.5	42.48594	32.6
3.5279	230.5	26.94077	28.6	220.5	24.70968	27.9	215.5	22.67180	27.1	225.5	22.26568	27.0	235.6	19.10842	25.6
3.5775	230.5	47.09174	33.5	225.5	45.67532	33.2	235.6	44.93322	33.1	240.6	39.40397	31.9	220.5	35.98904	31.1
3.6280	215.5	34.15839	30.7	220.5	32.29720	30.2	210.5	29.49232	29.4	225.5	26.06552	28.3	205.5	23.04812	27.3
3.6775	195.5	8.69169	18.8	245.6	8.54609	18.6	215.5	8.52965	18.6	240.6	8.05586	18.1	200.5	7.99296	18.1
3.7274	230.5	117.16123	41.4	225.5	109.55999	40.8	235.6	100.63863	40.1	220.5	79.41325	38.0	240.6	72.34388	37.2
3.7790	230.5	231.48609	47.3	225.5	218.81360	46.8	235.6	168.29402	44.5	220.5	125.76268	42.0	240.6	90.80334	39.2
3.8375	235.6	151.64644	43.6	240.6	137.23503	42.7	230.5	113.41249	41.1	245.6	84.47279	38.5	225.5	55.85190	34.9
3.8864	230.5	33.57386	30.5	240.6	31.35809	29.9	225.5	29.11767	29.3	215.5	24.94819	27.9	200.5	22.22393	26.9
3.9280	235.6	59.63510	35.5	230.5	56.85447	35.1	240.6	53.69196	34.6	225.5	50.59325	34.1	245.6	46.04009	33.3
3.9775	230.5	56.68065	35.1	225.5	53.39973	34.6	235.6	50.70513	34.1	240.6	42.95260	32.7	220.5	39.42046	31.9
4.0277	215.5	14.59734	23.3	210.5	13.21036	22.4	205.5	12.27405	21.8	220.5	11.83919	21.5	200.5	11.56038	21.3
4.0774	230.5	60.56944	35.6	235.6	59.12430	35.4	225.5	54.29276	34.7	240.6	51.65068	34.3	220.5	41.54368	32.4
4.1281	230.5	191.58128	45.6	225.5	178.46977	45.0	235.6	152.65568	43.7	220.5	111.34179	40.9	240.6	101.81698	40.2
4.1862	235.6	178.05734	45.0	240.6	154.97759	43.8	230.5	142.89492	43.1	245.6	92.89447	39.4	225.5	71.67111	37.1
4.2374	230.5	45.98936	33.3	235.6	44.64032	33.0	240.6	39.82193	32.0	225.5	34.58649	30.8	245.6	31.93445	30.1
4.2797	230.5	48.09598	33.6	235.6	47.48653	33.5	240.6	45.74261	33.2	225.5	42.68854	32.6	245.6	39.01074	31.8
4.3280	235.6	82.46744	38.3	240.6	79.36595	38.0	230.5	76.84914	37.7	245.6	72.54880	37.2	250.6	64.60290	36.2
4.3864	225.5	40.19948	32.1	230.5	38.86817	31.8	220.5	35.57822	31.0	235.6	34.66360	30.8	240.6	29.68773	29.5
4.4327	225.5	8.55296	18.6	230.5	8.28178	18.4	240.6	8.03813	18.1	205.5	7.89279	17.9	190.5	7.67769	17.7
4.4774	235.6	117.21522	41.4	230.5	110.54500	40.9	240.6	100.47507	40.0	225.5	84.58732	38.5	245.6	70.13971	36.9
4.5344	235.6	231.13072	47.3	230.5	207.01113	46.3	240.6	174.64561	44.8	225.5	119.48208	41.5	245.6	84.07431	38.5
4.5918	230.5	142.46064	43.1	225.5	136.05822	42.7	235.6	100.24395	40.0	220.5	76.59482	37.7	240.6	48.77776	33.8
4.6380	225.5	29.72569	29.5	240.6	25.16456	28.0	235.6	22.35313	27.0	230.5	22.08301	26.9	215.5	21.59369	26.7
4.6875	240.6	72.16680	37.2	235.6	69.36106	36.8	245.6	66.80337	36.5	230.5	58.87380	35.4	250.6	57.24945	35.2
4.7374	235.6	93.88269	39.5	230.5	93.86185	39.4	240.6	85.75723	38.7	225.5	79.53260	38.0	245.6	73.18883	37.3
4.7880	240.6	33.71630	30.6	235.6	33.71045	30.6	245.6	30.02601	29.5	230.5	28.69607	29.2	250.6	26.35336	28.4
4.8374	235.6	9.36906	19.4	240.6	8.95563	19.0	245.6	8.68739	18.8	230.5	8.39545	18.5	250.6	8.18436	18.3
4.8775	240.6	121.59322	41.7	235.6	116.47085	41.3	245.6	103.74472	40.3	230.5	91.02805	39.2	250.6	72.92137	37.3
4.9381	240.6	218.62359	46.8	235.6	218.12365	46.8	245.6	158.10264	44.0	230.5	146.80877	43.3	250.6	81.28549	38.2
4.9877	220.5	129.70262	42.3	225.5	124.29833	41.9	215.5	87.82758	38.9	230.5	82.17994	38.3	235.6	38.92082	31.8
5.0375	215.5	24.33094	27.7	230.5	20.36161	26.2	220.5	19.16024	25.6	200.5	19.14595	25.6	210.5	19.10440	25.6
5.0905	235.6	72.65825	37.2	230.5	69.82340	36.9	240.6	69.01367	36.8	245.6	60.04264	35.6	225.5	59.00823	35.4
5.1410	230.5	121.21035	41.7	225.5	119.41224	41.5	235.6	111.02454	40.9	220.5	97.27178	39.8	240.6	95.84074	39.6
5.1880	230.5	57.13438	35.1	235.6	54.24016	34.7	225.5	51.00776	34.2	240.6	47.30628	33.5	245.6	39.69811	32.0
5.2407	205.5	8.58351	18.7	200.5	7.84408	17.9	220.5	7.43727	17.4	210.5	7.36874	17.3	225.5	6.74420	16.6
5.2876	230.5	64.41135	36.2	225.5	60.52466	35.6	235.6	59.41235	35.5	220.5	49.19693	33.8	240.6	46.69985	33.4
5.3373	230.5	218.56014	46.8	235.6	201.04185	46.1	225.5	163.27797	44.3	240.6	127.65642	42.1	220.5	83.23553	38.4
5.3965	235.6	213.64769	46.6	240.6	185.01984	45.3	230.5	158.75752	44.0	245.6	100.43138	40.0	225.5	60.09936	35.6
5.4480	240.6	55.00114	34.8	235.6	54.48896	34.7	230.5	46.03351	33.3	245.6	43.95999	32.9	225.5	33.60077	30.5
5.4908	240.6	25.21761	28.0	235.6	25.08377	28.0	245.6	22.66205	27.1	230.5	22.59569	27.1	225.5	20.79117	26.4
5.5380	235.6	117.57880	41.4	230.5	111.98402	41.0	240.6	108.74738	40.7	245.6	92.78809	39.3	225.5	88.52982	38.9
5.5975	235.6	118.36896	41.5	240.6	110.46034	40.9	230.5	109.40070	40.8	245.6	92.60907	39.3	225.5	80.34615	38.1
5.6481	225.5	32.55325	30.3	220.5	32.08942	30.1	230.5	28.63431	29.1	215.5	26.57895	28.5	235.6	23.79707	27.5
5.6881	200.5	5.80743	15.3	205.5	5.14418	14.2	220.5	3.94827	11.9	215.5	3.91138	11.8	210.5	3.71167	11.4
5.7374	240.6	92.28269	39.3	235.6	85.73871	38.7	245.6	82.55899	38.3	230.5	67.51905	36.6	250.6	62.13636	35.9
5.7939	230.5	223.65035	47.0	225.5	207.36133	46.3	235.6	168.67758	44.5	220.5	123.74929	41.9	240.6	87.85199	38.9
5.8479	225.5	163.25104	44.3	230.5	159.96185	44.1	220.5	109.60998	40.8	235.6	108.22952	40.7	240.6	47.97587	33.6
5.8975	235.6	32.71356	30.3	240.6	31.70582	30.0	230.5	30.75849	29.8	245.6	28.58835	29.1	225.5	27.51535	28.8
5.9475	240.6	19.22666	25.7	235.6	18.59210	25.4	245.6	18.50104	25.3	230.5	18.00708	25.1	250.6	15.96614	24.1
5.9905	235.6	113.60657	41.1	240.6	110.41335	40.9	230.5	102.84509	40.2	245.6	97.59249	39.8	250.6	79.88366	38.0
6.0480	240.6	127.05508	42.1	235.6	121.14324	41.7	245.6	118.30838	41.5	250.6	101.65133	40.1	230.5	98.43382	39.9
6.0974	220.5	37.56381	31.5	225.5	37.42229	31.5	230.5	36.32175	31.2	235.6	32.71951	30.3	215.5	32.08196	30.1
6.1426	205.5	6.83377	16.7	200.5	6.22317	15.9	210.5	5.80820	15.3	195.5	4.49813	13.1	215.5	3.90574	11.8
6.1890	240.6	43.43709	32.8	245.6	41.74487	32.4	235.6	41.29783	32.3	250.6	35.61875	31.0	230.5	35.26515	30.9
6.2411	235.6	188.21641	45.5	230.5	165.87216	44.4	240.6	161.98020	44.2	245.6	107.65461	40.6	225.5	102.30084	40.2
6.2974	230.5	203.81101	46.2	235.6	176.91956	45.0	225.5	168.03111	44.5	240.6	120.08884	41.6	220.5	77.50976	37.8
6.3480	230.5	62.22909	35.9	235.6	60.82451	35.7	225.5	56.34047	35.0	220.5	49.83027	33.9	240.6	48.00092	33.6
6.3974	220.5	10.47126	20.4	205.5	10.25844	20.2	225.5	10.19099	20.2	200.5	9.13306	19.2	210.5	8.88970	19.0
6.4440	235.6	52.05880	34.3	240.6	52.00693	34.3	245.6	47.07323	33.5	230.5	45.98931	33.3	250.6	38.80801	31.8
6.4906	235.6	152.40973	43.7	240.6	145.84166	43.3	230.5	131.73823	42.4	245.6	118.12407	41.4	225.5	87.66736	38.9
6.5480	235.6	114.57702	41.2	230.5	109.06554	40.8	240.6	102.11378	40.2	225.5	82.25784	38.3	245.6	75.95613	37.6
6.5975	220.5	19.26777	25.7	225.5	18.89650	25.5	200.5	18.44684	25.3	215.5	16.75983	24.5	230.5	15.87846	24.0
6.6449	205.5	3.55162	11.0	200.5	3.22663	10.2	210.5	2.96923	9.5	195.5	2.50398	8.0	190.5	1.84891	5.3
6.6924	240.6	55.28529	34.9	235.6	52.42994	34.4	245.6	51.32252	34.2	230.5	43.79745	32.8	250.6	42.83566	32.6
6.7406	230.5	201.77543	46.1	235.6	192.10351	45.7	225.5	149.96790	43.5	240.6	131.89758	42.4	220.5	77.20028	37.8
6.7980	230.5	203.22356	46.2	235.6	188.38025	45.5	225.5	142.85648	43.1	240.6	118.04340	41.4	220.5	49.47114	33.9
6.8513	240.6	61.11096	35.7	235.6	56.21215	35.0	245.6	54.55888	34.7	230.5	41.18094	32.3	250.6	40.61883	32.2
6.8984	210.5	12.33474	21.8	205.5	11.29462	21.1	215.5	10.38164	20.3	225.5	9.04005	19.1	200.5	8.17217	18.2
6.9374	245.6	37.14461	31.4	240.6	37.03381	31.4	250.6	34.47576	30.8	235.6	33.60614	30.5	255.6	29.34346	29.4
6.9881	240.6	153.76768	43.7	235.6	148.42085	43.4	245.6	132.98642	42.5	230.5	110.39621	40.9	250.6	100.83200	40.1
7.0480	225.5	149.19637	43.5	230.5	143.04233	43.1	220.5	115.23665	41.2	235.6	111.37703	40.9	240.6	75.40806	37.5
7.0974	220.5	38.55083	31.7	225.5	38.02675	31.6	215.5	32.66699	30.3	230.5	32.44744	30.2	210.5	23.84397	27.5
7.1451	200.5	9.01186	19.1	205.5	8.06864	18.1	195.5	6.06516	15.7	220.5	4.60406	13.3	215.5	4.44250	13.0
7.1938	245.6	11.45585	21.2	255.6	11.41342	21.1	250.6	11.37611	21.1	260.6	10.99956	20.8	240.6	10.70486	20.6
7.2411	235.6	133.58743	42.5	230.5	126.98755	42.1	240.6	109.70475	40.8	225.5	93.55600	39.4	245.6	71.18376	37.0
7.2880	235.6	231.52200	47.3	230.5	218.80388	46.8	240.6	175.66064	44.9	225.5	127.18968	42.1	245.6	95.17091	39.6
7.3524	245.6	127.91618	42.1	240.6	122.59532	41.8	250.6	103.14051	40.3	235.6	88.49763	38.9	255.6	67.02975	36.5
7.4005	225.5	25.01333	28.0	220.5	24.09901	27.6	230.5	21.98118	26.8	215.5	21.30648	26.6	210.5	20.38032	26.2
7.4376	205.5	8.35163	18.4	200.5	8.22704	18.3	195.5	6.44676	16.2	210.5	5.58696	14.9	190.5	4.95433	13.9
7.4879	245.6	50.62854	34.1	240.6	49.99796	34.0	250.6	46.49970	33.3	235.6	44.11734	32.9	255.6	38.72642	31.8
7.5425	225.5	169.59234	44.6	230.5	154.75396	43.8	220.5	145.22335	43.2	235.6	114.62842	41.2	215.5	89.15696	39.0
7.5974	235.6	147.96336	43.4	240.6	136.91927	42.7	230.5	125.89446	42.0	245.6	100.97419	40.1	225.5	75.19012	37.5
7.6481	235.6	32.59279	30.3	230.5	31.08402	29.9	240.6	28.94481	29.2	245.6	25.33558	28.1	225.5	24.40576	27.7
7.6880	205.5	14.25371	23.1	200.5	12.26244	21.8	210.5	8.27446	18.4	195.5	7.13130	17.1	185.4	5.66192	15.1
7.7374	210.5	5.77513	15.2	195.5	5.43113	14.7	205.5	5.31387	14.5	200.5	5.07486	14.1	190.5	3.44683	10.7
7.7880	230.5	92.01951	39.3	225.5	87.20423	38.8	235.6	80.86085	38.2	220.5	68.65617	36.7	240.6	59.27994	35.5
7.8380	225.5	236.19439	47.5	230.5	199.93813	46.0	220.5	179.26329	45.1	235.6	119.45578	41.5	215.5	75.56728	37.6
7.8975	230.5	164.24271	44.3	225.5	161.63442	44.2	235.6	113.03360	41.1	220.5	98.46578	39.9	240.6	51.10167	34.2
7.9497	230.5	38.89429	31.8	225.5	37.27932	31.4	235.6	37.04718	31.4	240.6	33.63690	30.5	205.5	30.30980	29.6
7.9974	210.5	19.81017	25.9	215.5	19.47285	25.8	205.5	12.60447	22.0	220.5	10.66596	20.6	200.5	7.55054	17.6
8.0375	250.6	8.56020	18.6	255.6	8.09590	18.2	265.6	7.86234	17.9	245.6	7.60487	17.6	260.6	7.52250	17.5
8.0881	240.6	110.56626	40.9	235.6	102.85589	40.2	245.6	100.20747	40.0	250.6	78.94943	37.9	230.5	78.85801	37.9
8.1419	230.5	183.23243	45.3	225.5	181.31242	45.2	235.6	145.82188	43.3	220.5	131.89779	42.4	240.6	91.65363	39.2
8.1974	230.5	93.25906	39.4	235.6	87.17504	38.8	225.5	80.37598	38.1	240.6	66.31747	36.4	220.5	48.89539	33.8
8.2465	200.5	24.35622	27.7	215.5	23.05608	27.3	205.5	18.40581	25.3	225.5	15.21775	23.6	210.5	14.59951	23.3
8.2923	205.5	19.57400	25.8	210.5	19.49360	25.8	200.5	14.52808	23.2	215.5	14.45530	23.2	220.5	11.89179	21.5
8.3403	210.5	8.08345	18.2	205.5	7.83799	17.9	200.5	7.76239	17.8	195.5	7.13374	17.1	230.5	6.00445	15.6
8.3880	230.5	96.24438	39.7	225.5	87.53616	38.8	235.6	86.17165	38.7	220.5	66.62466	36.5	240.6	61.73069	35.8
8.4374	230.5	232.14922	47.3	225.5	210.34739	46.5	235.6	167.67598	44.5	220.5	124.58267	41.9	240.6	66.54624	36.5
8.4974	230.5	172.19833	44.7	225.5	141.40467	43.0	235.6	139.88068	42.9	240.6	79.21627	38.0	220.5	60.68735	35.7
8.5475	230.5	35.21226	30.9	235.6	33.77742	30.6	240.6	30.39427	29.7	200.5	28.74240	29.2	225.5	27.56719	28.8
8.5944	210.5	30.58259	29.7	205.5	25.95842	28.3	215.5	21.50687	26.7	225.5	16.41663	24.3	200.5	15.71826	23.9
8.6375	205.5	15.47743	23.8	210.5	15.26712	23.7	200.5	11.93001	21.5	215.5	11.10784	20.9	220.5	7.90139	18.0
8.6881	240.6	52.06238	34.3	245.6	51.99837	34.3	250.6	47.54998	33.5	235.6	46.76651	33.4	255.6	38.94393	31.8
8.7364	235.6	178.19980	45.0	230.5	162.94404	44.2	240.6	155.05109	43.8	245.6	116.27390	41.3	225.5	106.35360	40.5
8.7933	235.6	162.29482	44.2	240.6	143.45588	43.1	230.5	139.47943	42.9	245.6	102.54134	40.2	225.5	85.25487	38.6
8.8403	225.5	43.99194	32.9	230.5	42.42813	32.6	220.5	36.77172	31.3	235.6	34.09896	30.7	215.5	29.10708	29.3
8.8881	210.5	29.80924	29.5	205.5	29.60757	29.4	215.5	25.85377	28.3	220.5	23.41624	27.4	225.5	15.17717	23.6
8.9375	215.5	28.53011	29.1	210.5	28.20133	29.0	220.5	24.25857	27.7	225.5	20.37254	26.2	205.5	19.73699	25.9
8.9864	200.5	11.13316	20.9	220.5	8.26786	18.3	240.6	8.13158	18.2	190.5	7.17439	17.1	235.6	6.99111	16.9
9.0290	235.6	114.02931	41.1	240.6	111.92585	41.0	230.5	94.43637	39.5	245.6	88.50906	38.9	225.5	64.42457	36.2
9.0865	240.6	239.05561	47.6	235.6	221.03925	46.9	245.6	182.45246	45.2	230.5	135.40421	42.6	250.6	93.43255	39.4
9.1403	225.5	160.53359	44.1	230.5	149.49631	43.5	220.5	110.68226	40.9	235.6	97.35151	39.8	215.5	45.77428	33.2
9.1880	215.5	31.40736	29.9	230.5	28.24448	29.0	235.6	26.51241	28.5	225.5	26.29614	28.4	205.5	24.52120	27.8
9.2407	220.5	39.51192	31.9	215.5	38.67908	31.7	210.5	37.62804	31.5	225.5	37.05534	31.4	230.5	30.74354	29.8
9.2880	215.5	23.63955	27.5	210.5	23.47196	27.4	220.5	22.91008	27.2	225.5	22.55661	27.1	230.5	20.14545	26.1
9.3364	240.6	18.24263	25.2	235.6	17.54510	24.9	245.6	17.39820	24.8	230.5	16.89239	24.6	225.5	16.03050	24.1
9.3773	240.6	143.51806	43.1	235.6	130.16438	42.3	245.6	127.15373	42.1	230.5	94.26771	39.5	250.6	91.56059	39.2
9.4377	240.6	201.18870	46.1	235.6	194.36222	45.8	245.6	160.16065	44.1	230.5	128.19821	42.2	250.6	102.08734	40.2
9.4879	225.5	87.31807	38.8	230.5	78.15088	37.9	220.5	74.91815	37.5	235.6	55.88598	34.9	215.5	50.23553	34.0
9.5374	225.5	33.65572	30.5	215.5	31.44839	30.0	235.6	21.53555	26.7	230.5	19.90209	26.0	205.5	19.62768	25.9
9.5880	220.5	50.92015	34.1	225.5	49.03097	33.8	215.5	47.68402	33.6	230.5	44.96650	33.1	235.6	38.63867	31.7
9.6374	225.5	28.59974	29.1	230.5	27.84183	28.9	220.5	26.64193	28.5	235.6	24.24543	27.7	240.6	22.51312	27.0
9.6874	240.6	15.50152	23.8	235.6	15.42133	23.8	230.5	14.69171	23.3	245.6	14.56292	23.3	225.5	13.28238	22.5
9.7280	230.5	141.85622	43.0	235.6	127.57207	42.1	225.5	121.56687	41.7	240.6	87.56529	38.8	220.5	82.92156	38.4
9.7880	235.6	236.65832	47.5	240.6	214.76284	46.6	230.5	171.32227	44.7	245.6	132.74347	42.5	225.5	62.75380	36.0
9.8468	230.5	123.84072	41.9	225.5	121.35893	41.7	235.6	87.88051	38.9	220.5	81.29407	38.2	215.5	42.56325	32.6
9.8919	225.5	32.86884	30.3	235.6	27.89870	28.9	215.5	24.62256	27.8	240.6	24.16449	27.7	200.5	19.53354	25.8
9.9396	235.6	61.07070	35.7	240.6	60.29080	35.6	230.5	55.97844	35.0	245.6	55.60121	34.9	250.6	50.37539	34.0
9.9880	225.5	43.61351	32.8	230.5	41.18947	32.3	220.5	40.47465	32.1	235.6	37.33552	31.4	240.6	33.63322	30.5
10.0375	200.5	10.65305	20.5	205.5	9.15939	19.2	215.5	8.68859	18.8	220.5	7.70369	17.7	210.5	7.63422	17.7
10.0880	230.5	86.35709	38.7	235.6	81.45682	38.2	225.5	77.04163	37.7	240.6	67.52023	36.6	220.5	54.95420	34.8
10.1375	230.5	202.11744	46.1	225.5	200.63388	46.0	235.6	146.16626	43.3	220.5	135.38281	42.6	240.6	86.23916	38.7
10.1974	235.6	157.54537	43.9	240.6	144.15963	43.2	230.5	117.67060	41.4	245.6	90.27325	39.1	225.5	53.94040	34.6
10.2475	220.5	30.41983	29.7	225.5	29.96476	29.5	230.5	29.91607	29.5	215.5	27.41775	28.8	205.5	20.30823	26.2
10.2890	235.6	58.12899	35.3	240.6	56.72456	35.1	230.5	55.35030	34.9	245.6	51.95843	34.3	225.5	43.43502	32.8
10.3474	235.6	72.07725	37.2	240.6	71.45507	37.1	245.6	67.94300	36.6	230.5	67.49377	36.6	250.6	61.08937	35.7
10.3929	220.5	26.28729	28.4	225.5	23.56709	27.4	215.5	23.49292	27.4	205.5	20.29336	26.1	230.5	20.02691	26.0
10.4403	255.6	18.15642	25.2	245.6	18.11254	25.2	250.6	17.93807	25.1	260.6	17.15649	24.7	240.6	16.28219	24.2
10.4880	235.6	147.96066	43.4	230.5	144.71277	43.2	240.6	118.28731	41.5	225.5	106.68011	40.6	245.6	78.52715	37.9
10.5374	230.5	246.72429	47.8	235.6	202.68270	46.1	225.5	196.84577	45.9	240.6	115.26107	41.2	220.5	82.30088	38.3
10.5989	230.5	118.83761	41.5	235.6	104.57037	40.4	225.5	99.93997	40.0	240.6	67.11610	36.5	220.5	63.55709	36.1
10.6479	215.5	24.41951	27.8	220.5	22.85267	27.2	205.5	22.00248	26.8	210.5	19.13888	25.6	230.5	18.22191	25.2
10.6934	235.6	85.61602	38.7	230.5	82.15052	38.3	240.6	81.48499	38.2	245.6	72.03262	37.2	225.5	70.23392	36.9
10.7479	245.6	86.23362	38.7	240.6	84.77704	38.6	250.6	80.88443	38.2	235.6	74.55318	37.4	255.6	72.87136	37.3
10.7974	225.5	21.54234	26.7	220.5	20.75594	26.3	235.6	19.68053	25.9	230.5	19.47464	25.8	210.5	19.35868	25.7
10.8372	240.6	17.65829	24.9	245.6	17.37713	24.8	235.6	17.22021	24.7	230.5	16.51060	24.4	250.6	15.97445	24.1
10.8878	240.6	149.29242	43.5	235.6	132.70253	42.5	245.6	131.59400	42.4	250.6	92.80464	39.4	230.5	90.46224	39.1
10.9480	225.5	227.34459	47.1	230.5	215.91000	46.7	220.5	152.81980	43.7	235.6	136.69954	42.7	215.5	53.25410	34.5
10.9974	225.5	112.65998	41.0	230.5	107.52336	40.6	220.5	82.45827	38.3	235.6	75.06034	37.5	215.5	41.39362	32.3
11.0480	220.5	19.56960	25.8	200.5	17.05013	24.6	210.5	16.91023	24.6	240.6	16.83404	24.5	225.5	16.39617	24.3
11.0974	235.6	78.63702	37.9	240.6	77.24409	37.8	230.5	72.57209	37.2	245.6	70.57184	37.0	250.6	61.03508	35.7
11.1479	235.6	104.04040	40.3	230.5	102.45934	40.2	240.6	96.73192	39.7	225.5	87.21540	38.8	245.6	86.27820	38.7
11.1974	235.6	38.23966	31.7	230.5	38.23149	31.6	240.6	35.71581	31.1	225.5	34.65430	30.8	245.6	30.74604	29.8
11.2479	200.5	8.16575	18.2	195.5	6.28051	16.0	205.5	6.00106	15.6	220.5	4.68215	13.4	210.5	4.53089	13.1
11.2908	235.6	84.67823	38.6	240.6	79.84182	38.0	230.5	75.55557	37.6	245.6	63.13582	36.0	225.5	57.20613	35.1
11.3473	240.6	232.12267	47.3	245.6	213.52535	46.6	235.6	176.44740	44.9	250.6	140.58791	43.0	230.5	86.08257	38.7
11.4018	230.5	179.77875	45.1	235.6	179.56897	45.1	240.6	123.72833	41.8	225.5	113.86141	41.1	245.6	56.76827	35.1
11.4476	235.6	41.65557	32.4	240.6	38.37716	31.7	230.5	37.83949	31.6	245.6	29.79240	29.5	225.5	29.46519	29.4
11.4974	235.6	38.21904	31.6	230.5	38.13572	31.6	240.6	34.31564	30.7	225.5	34.31007	30.7	220.5	29.03335	29.3
11.5481	235.6	130.02023	42.3	230.5	126.36864	42.0	240.6	118.81178	41.5	225.5	103.58666	40.3	245.6	99.45503	40.0
11.6064	235.6	108.14642	40.7	230.5	101.68816	40.1	240.6	99.21038	39.9	245.6	83.54722	38.4	225.5	76.72792	37.7
11.6498	225.5	18.66605	25.4	220.5	18.55173	25.4	230.5	18.04691	25.1	205.5	17.70350	25.0	215.5	16.94814	24.6
11.6974	250.6	7.35566	17.3	255.6	7.09528	17.0	265.6	6.96505	16.9	260.6	6.86816	16.7	245.6	6.69937	16.5
11.7480	230.5	115.58814	41.3	235.6	109.14109	40.8	225.5	96.65191	39.7	240.6	84.13499	38.5	220.5	62.66780	35.9
11.7973	225.5	225.12798	47.0	230.5	213.27378	46.6	220.5	154.68221	43.8	235.6	136.66616	42.7	240.6	63.31819	36.0
11.8573	230.5	152.46325	43.7	225.5	130.40391	42.3	235.6	119.31893	41.5	220.5	71.13369	37.0	240.6	59.57045	35.5
11.9079	230.5	24.42742	27.8	225.5	24.05668	27.6	235.6	23.78471	27.5	220.5	22.46695	27.0	240.6	21.62341	26.7
11.9549	235.6	32.67143	30.3	240.6	32.16533	30.1	230.5	30.83615	29.8	245.6	29.28959	29.3	225.5	27.66766	28.8
11.9974	235.6	136.75553	42.7	240.6	128.50360	42.2	230.5	126.39233	42.0	245.6	107.64919	40.6	225.5	95.26863	39.6
12.0574	240.6	125.57279	42.0	245.6	121.36768	41.7	235.6	111.25368	40.9	250.6	104.99666	40.4	255.6	81.65744	38.2
12.1073	220.5	27.83403	28.9	225.5	27.47542	28.8	215.5	24.61801	27.8	230.5	24.14958	27.7	235.6	19.86732	26.0
