# LRA Top-5 Frequency Peaks — Condensed Summary
# Source file: shepard_falling_haptic.wav
# Generated:   2026-07-17 13:59:19
# Accel sample rate: 1560.9-1837.8 Hz per-window range (1663.3 Hz overall)
# Freq resolution:   5.01 Hz per bin (peaks below are quantized to this common grid;
#                    each window measured at its own real rate, then
#                    resampled here for cross-window comparability)
# Rows:        234
#
# For each time window, the top 5 frequency peaks by magnitude,
# sorted strongest first. Each peak is reported in BOTH units:
#   peakN_g  = linear amplitude in g (true physical intensity)
#   peakN_db = 20*log10(g) (compressed range — easier to compare
#              strong vs weak components, e.g. Shepard octave partners)
#
# NOTE: adjacent bins around one physical tone can both appear as
# separate 'peaks' — treat peaks within 1-2 bins of each other as
# the same component.
#
time_s	peak1_hz	peak1_g	peak1_db	peak2_hz	peak2_g	peak2_db	peak3_hz	peak3_g	peak3_db	peak4_hz	peak4_g	peak4_db	peak5_hz	peak5_g	peak5_db
0.4108	240.5	172.68255	44.7	235.5	160.46699	44.1	185.4	133.87928	42.5	190.4	104.04229	40.3	305.6	68.92673	36.8
0.4617	235.5	164.60811	44.3	240.5	126.74393	42.1	185.4	126.57209	42.0	230.5	94.10985	39.5	245.5	90.97937	39.2
0.5116	235.5	177.03059	45.0	230.5	144.13098	43.2	185.4	115.12132	41.2	180.4	94.02432	39.5	300.6	86.47657	38.7
0.5618	235.5	224.97562	47.0	240.5	143.12126	43.1	185.4	123.67280	41.8	230.5	120.37060	41.6	300.6	103.48873	40.3
0.6122	230.5	223.06403	47.0	225.5	179.41554	45.1	180.4	97.01899	39.7	290.6	94.31865	39.5	235.5	90.21789	39.1
0.6617	235.5	220.27020	46.9	230.5	198.32807	45.9	240.5	91.32527	39.2	295.6	90.23956	39.1	300.6	87.43999	38.8
0.7158	230.5	217.09640	46.7	225.5	164.29978	44.3	235.5	123.20040	41.8	290.6	91.24692	39.2	295.6	87.19566	38.8
0.7618	225.5	189.47995	45.6	230.5	155.50443	43.8	220.4	143.88122	43.2	235.5	95.20837	39.6	215.4	85.95349	38.7
0.8139	220.4	218.31091	46.8	215.4	156.22152	43.9	225.5	137.47778	42.8	210.4	87.33671	38.8	280.6	65.56544	36.3
0.8616	220.4	192.46782	45.7	225.5	191.65155	45.7	230.5	93.06473	39.4	285.6	71.83618	37.1	210.4	71.67727	37.1
0.9158	225.5	229.31890	47.2	220.4	192.17045	45.7	285.6	95.69714	39.6	215.4	78.70056	37.9	235.5	71.71046	37.1
0.9618	210.4	236.54250	47.5	215.4	198.34585	45.9	270.5	117.19387	41.4	220.4	93.59928	39.4	205.4	79.09500	38.0
1.0202	215.4	237.20538	47.5	210.4	181.35605	45.2	275.6	112.97778	41.1	220.4	96.53810	39.7	270.5	94.75802	39.5
1.0717	205.4	219.12732	46.8	210.4	195.94114	45.8	200.4	118.15084	41.4	265.5	95.79053	39.6	215.4	93.22113	39.4
1.1218	210.4	263.63410	48.4	215.4	170.38886	44.6	205.4	130.14363	42.3	270.5	93.88662	39.5	265.5	80.83244	38.2
1.1723	210.4	288.38673	49.2	215.4	200.52727	46.0	205.4	142.92133	43.1	270.5	93.62181	39.4	150.3	66.97334	36.5
1.2263	210.4	277.71110	48.9	205.4	224.37256	47.0	215.4	129.12938	42.2	265.5	87.67156	38.9	200.4	80.84608	38.2
1.2772	205.4	272.88147	48.7	200.4	217.73482	46.8	210.4	137.64481	42.8	260.5	96.79725	39.7	195.4	70.75769	37.0
1.3289	205.4	267.76387	48.6	200.4	166.14517	44.4	210.4	156.91948	43.9	260.5	109.05376	40.8	265.5	70.48576	37.0
1.3818	205.4	265.06660	48.5	210.4	185.69836	45.4	200.4	143.52757	43.1	215.4	87.88516	38.9	260.5	86.69811	38.8
1.4324	200.4	243.70597	47.7	205.4	176.85707	45.0	255.5	131.95854	42.4	195.4	124.60399	41.9	260.5	93.33211	39.4
1.4839	205.4	191.08437	45.6	200.4	190.89271	45.6	260.5	148.13735	43.4	255.5	135.17887	42.6	265.5	71.18403	37.0
1.5342	200.4	194.22030	45.8	255.5	167.97170	44.5	195.4	113.93693	41.1	205.4	113.14866	41.1	260.5	111.29962	40.9
1.5817	200.4	169.08499	44.6	255.5	153.41157	43.7	195.4	146.55628	43.3	250.5	128.41822	42.2	260.5	87.90030	38.9
1.6324	195.4	187.22368	45.4	250.5	158.60298	44.0	200.4	128.51347	42.2	190.4	101.06675	40.1	245.5	99.45965	40.0
1.6815	245.5	166.82755	44.4	195.4	163.03471	44.2	190.4	142.09425	43.1	250.5	122.37784	41.8	240.5	76.22132	37.6
1.7319	240.5	161.00902	44.1	245.5	158.22869	44.0	190.4	149.61162	43.5	195.4	86.88379	38.8	185.4	83.99881	38.5
1.7815	240.5	174.77527	44.8	245.5	152.48246	43.7	190.4	139.28727	42.9	185.4	109.09749	40.8	235.5	82.48841	38.3
1.8353	240.5	161.55671	44.2	190.4	131.04620	42.3	245.5	124.83956	41.9	185.4	110.41778	40.9	235.5	90.71567	39.2
1.8842	240.5	180.03742	45.1	235.5	127.95833	42.1	190.4	114.89555	41.2	185.4	113.62583	41.1	245.5	96.82006	39.7
1.9319	245.5	161.26887	44.2	240.5	139.09079	42.9	190.4	131.21338	42.4	195.4	95.73862	39.6	250.5	92.08099	39.3
1.9819	240.5	179.18946	45.1	235.5	120.39542	41.6	190.4	112.85405	41.1	185.4	112.02155	41.0	255.5	89.05986	39.0
2.0323	230.5	202.90247	46.1	225.5	180.23719	45.1	180.4	104.87072	40.4	290.6	96.42024	39.7	235.5	83.29951	38.4
2.0902	225.5	225.79129	47.1	220.4	159.22628	44.0	230.5	118.20184	41.5	285.6	100.10945	40.0	290.6	87.26599	38.8
2.1406	220.4	227.55567	47.1	225.5	171.95710	44.7	280.6	103.56269	40.3	285.6	103.16493	40.3	215.4	92.57336	39.3
2.1917	230.5	195.23983	45.8	225.5	192.30389	45.7	290.6	126.22508	42.0	295.6	83.80210	38.5	180.4	74.06864	37.4
2.2415	230.5	191.90319	45.7	225.5	171.63371	44.7	290.6	129.22280	42.2	295.6	98.00722	39.8	235.5	87.19210	38.8
2.2923	230.5	193.35815	45.7	225.5	173.40747	44.8	290.6	129.54134	42.2	295.6	92.10282	39.3	235.5	88.23352	38.9
2.3418	225.5	200.65957	46.0	220.4	166.72471	44.4	230.5	130.66695	42.3	290.6	85.44072	38.6	215.4	78.00964	37.8
2.3924	220.4	220.47913	46.9	215.4	200.33448	46.0	280.6	98.17749	39.8	210.4	76.61639	37.7	275.6	59.85538	35.5
2.4418	220.4	239.43117	47.6	225.5	204.69463	46.2	285.6	105.80313	40.5	215.4	87.14496	38.8	280.6	86.26578	38.7
2.4947	215.4	255.66878	48.2	210.4	224.49654	47.0	275.6	92.63796	39.3	270.5	86.86689	38.8	220.4	83.31760	38.4
2.5423	210.4	248.71602	47.9	205.4	190.44454	45.6	215.4	115.02546	41.2	265.5	109.22719	40.8	270.5	85.80980	38.7
2.6002	210.4	277.97937	48.9	215.4	174.49266	44.8	205.4	138.23755	42.8	270.5	106.68094	40.6	265.5	75.89822	37.6
2.6524	205.4	259.53576	48.3	210.4	228.04885	47.2	265.5	107.14100	40.6	200.4	88.56711	38.9	260.5	71.98395	37.1
2.7018	210.4	274.56668	48.8	205.4	207.10461	46.3	215.4	122.11113	41.7	265.5	92.13838	39.3	155.3	67.76772	36.6
2.7524	215.4	279.89606	48.9	210.4	225.44605	47.1	220.4	135.19649	42.6	205.4	73.66925	37.3	270.5	69.85510	36.9
2.8068	205.4	320.32301	50.1	200.4	212.28535	46.5	210.4	125.63533	42.0	260.5	83.04194	38.4	265.5	65.77405	36.4
2.8534	200.4	306.46961	49.7	205.4	217.92997	46.8	195.4	125.28815	42.0	255.5	87.42987	38.8	210.4	61.24100	35.7
2.9117	200.4	233.36716	47.4	205.4	229.35960	47.2	255.5	102.11046	40.2	195.4	101.34445	40.1	210.4	94.07866	39.5
2.9618	195.4	237.64463	47.5	200.4	159.98438	44.1	250.5	135.41781	42.6	190.4	105.91556	40.5	255.5	88.09474	38.9
3.0123	200.4	193.43423	45.7	205.4	152.80548	43.7	255.5	151.44981	43.6	260.5	130.33397	42.3	195.4	107.90724	40.7
3.0618	200.4	173.40227	44.8	255.5	158.48305	44.0	250.5	158.40069	44.0	195.4	155.77983	43.9	245.5	68.98111	36.8
3.1153	250.5	184.23124	45.3	255.5	166.85874	44.4	195.4	158.83433	44.0	200.4	152.08987	43.6	245.5	79.11135	38.0
3.1618	245.5	185.55634	45.4	195.4	163.37448	44.3	190.4	151.64089	43.6	250.5	145.71448	43.3	240.5	87.59041	38.8
3.2123	195.4	156.66280	43.9	245.5	148.99088	43.5	250.5	139.17186	42.9	190.4	134.55230	42.6	200.4	96.30681	39.7
3.2681	245.5	186.64141	45.4	190.4	155.52710	43.8	240.5	127.40246	42.1	195.4	120.20947	41.6	250.5	103.94362	40.3
3.3162	235.5	167.48169	44.5	185.4	150.83241	43.6	240.5	140.26865	42.9	190.4	96.17854	39.7	305.6	87.58451	38.8
3.3618	245.5	203.50262	46.2	190.4	144.29145	43.2	240.5	121.37937	41.7	195.4	117.45799	41.4	250.5	110.45222	40.9
3.4178	235.5	190.86377	45.6	240.5	165.43561	44.4	185.4	143.53486	43.1	190.4	97.73651	39.8	230.5	87.59365	38.8
3.4703	225.5	194.58273	45.8	230.5	153.98227	43.7	220.4	107.10490	40.6	175.4	103.60679	40.3	240.5	102.38607	40.2
3.5203	230.5	226.64668	47.1	235.5	179.54544	45.1	180.4	112.28101	41.0	185.4	85.94517	38.7	295.6	78.60024	37.9
3.5717	230.5	178.88281	45.1	235.5	174.27580	44.8	240.5	124.77723	41.9	245.5	99.72413	40.0	225.5	91.74559	39.3
3.6217	230.5	173.40441	44.8	225.5	140.18510	42.9	240.5	113.17882	41.1	245.5	106.97095	40.6	235.5	102.49681	40.2
3.6733	230.5	174.48257	44.8	225.5	145.76975	43.3	235.5	113.47661	41.1	240.5	104.21947	40.4	220.4	91.39607	39.2
3.7218	225.5	213.46708	46.6	220.4	181.66151	45.2	285.6	98.51376	39.9	290.6	82.41816	38.3	230.5	80.52629	38.1
3.7724	230.5	255.65441	48.2	225.5	153.30012	43.7	235.5	135.87921	42.7	295.6	118.27576	41.5	290.6	101.10287	40.1
3.8258	225.5	216.00246	46.7	230.5	190.13204	45.6	220.4	115.78418	41.3	290.6	96.89642	39.7	235.5	82.90846	38.4
3.8729	220.4	214.90189	46.6	225.5	210.17972	46.5	215.4	99.78534	40.0	285.6	85.82517	38.7	280.6	63.60999	36.1
3.9218	220.4	241.95360	47.7	215.4	192.94695	45.7	280.6	105.95583	40.5	225.5	102.60127	40.2	285.6	72.05387	37.2
3.9788	215.4	217.23456	46.7	210.4	202.44282	46.1	270.5	110.11134	40.8	275.6	97.97993	39.8	205.4	78.89594	37.9
4.0298	210.4	215.13074	46.7	205.4	206.19146	46.3	265.5	132.53882	42.4	215.4	88.14611	38.9	270.5	79.37262	38.0
4.0802	215.4	282.89104	49.0	210.4	158.19070	44.0	220.4	157.10096	43.9	275.6	111.01037	40.9	280.6	60.67738	35.7
4.1323	215.4	306.67312	49.7	210.4	241.02208	47.6	275.6	79.99776	38.1	270.5	77.74207	37.8	205.4	72.52223	37.2
4.1818	215.4	284.41865	49.1	210.4	241.69405	47.7	220.4	117.67658	41.4	270.5	88.49126	38.9	155.3	70.37761	36.9
4.2334	210.4	281.68050	49.0	205.4	249.37250	47.9	265.5	92.66356	39.3	215.4	85.37701	38.6	150.3	69.99105	36.9
4.2849	205.4	262.73735	48.4	200.4	238.65037	47.6	210.4	113.90919	41.1	195.4	97.47464	39.8	260.5	84.83497	38.6
4.3402	200.4	277.15567	48.9	205.4	272.86367	48.7	255.5	76.38395	37.7	195.4	75.27594	37.5	260.5	67.92531	36.6
4.3922	200.4	251.74779	48.0	205.4	214.13550	46.6	195.4	118.04749	41.4	255.5	101.98715	40.2	260.5	85.03592	38.6
4.4418	200.4	197.57807	45.9	205.4	192.19482	45.7	210.4	120.95189	41.7	255.5	119.29946	41.5	260.5	107.67959	40.6
4.4922	200.4	189.98215	45.6	195.4	167.15797	44.5	255.5	162.40006	44.2	250.5	152.03934	43.6	205.4	71.08071	37.0
4.5416	200.4	158.83711	44.0	250.5	154.90339	43.8	195.4	153.70977	43.7	255.5	143.44655	43.1	245.5	89.93806	39.1
4.5949	195.4	175.32677	44.9	250.5	173.02368	44.8	245.5	137.16499	42.7	190.4	105.23554	40.4	200.4	104.57629	40.4
4.6428	195.4	169.53578	44.6	250.5	159.33426	44.0	200.4	147.92321	43.4	255.5	126.08114	42.0	245.5	79.88334	38.0
4.6923	195.4	146.08381	43.3	250.5	135.65680	42.6	200.4	131.62871	42.4	245.5	115.90808	41.3	255.5	109.76994	40.8
4.7417	240.5	209.69418	46.4	185.4	147.68658	43.4	190.4	146.90641	43.3	235.5	130.54994	42.3	245.5	101.99177	40.2
4.7922	245.5	165.14043	44.4	240.5	146.38551	43.3	190.4	146.21666	43.3	195.4	106.84963	40.6	250.5	87.59212	38.8
4.8472	245.5	163.42505	44.3	190.4	132.18739	42.4	240.5	124.18590	41.9	260.5	100.98287	40.1	255.5	88.98254	39.0
4.8931	240.5	169.02231	44.6	235.5	140.41007	42.9	245.5	112.23818	41.0	190.4	109.64138	40.8	230.5	96.85488	39.7
4.9416	240.5	198.03414	45.9	245.5	153.42975	43.7	190.4	125.75996	42.0	185.4	85.08107	38.6	250.5	84.11724	38.5
4.9922	230.5	209.72010	46.4	235.5	126.18405	42.0	180.4	119.15807	41.5	245.5	92.11012	39.3	295.6	87.58253	38.8
5.0493	230.5	190.50959	45.6	235.5	171.82135	44.7	295.6	100.06272	40.0	180.4	97.43413	39.8	185.4	84.54218	38.5
5.1001	230.5	190.23252	45.6	235.5	172.25740	44.7	225.5	102.09588	40.2	180.4	93.48784	39.4	295.6	90.65217	39.1
5.1501	230.5	185.96225	45.4	225.5	161.39617	44.2	235.5	109.02845	40.8	290.6	93.53038	39.4	295.6	84.86816	38.6
5.2001	225.5	183.91248	45.3	230.5	159.47639	44.1	290.6	99.25937	39.9	240.5	93.68622	39.4	245.5	81.31361	38.2
5.2501	225.5	186.51021	45.4	220.4	150.13205	43.5	230.5	95.91965	39.6	240.5	88.99542	39.0	285.6	88.46722	38.9
5.3016	225.5	172.84540	44.8	220.4	126.10728	42.0	235.5	116.49728	41.3	230.5	113.37829	41.1	240.5	102.22657	40.2
5.3520	225.5	194.06725	45.8	220.4	177.56618	45.0	285.6	128.72903	42.2	230.5	127.93252	42.1	235.5	113.54472	41.1
5.4016	225.5	219.90271	46.8	220.4	206.50626	46.3	230.5	126.51661	42.0	285.6	121.52993	41.7	290.6	110.52086	40.9
5.4522	220.4	213.23006	46.6	225.5	199.30766	46.0	285.6	87.55148	38.8	215.4	85.38266	38.6	280.6	68.77963	36.7
5.5040	220.4	248.24029	47.9	225.5	224.13349	47.0	285.6	103.74755	40.3	280.6	82.27439	38.3	215.4	82.11648	38.3
5.5522	210.4	280.03755	48.9	215.4	213.15183	46.6	205.4	112.41112	41.0	270.5	102.19425	40.2	275.6	70.61962	37.0
5.6101	210.4	285.62755	49.1	205.4	221.69365	46.9	265.5	95.36258	39.6	215.4	78.84203	37.9	270.5	74.49891	37.4
5.6616	205.4	281.91668	49.0	210.4	252.27925	48.0	200.4	78.55111	37.9	265.5	77.26508	37.8	215.4	66.94653	36.5
5.7133	215.4	302.70942	49.6	210.4	266.98704	48.5	220.4	109.07362	40.8	270.5	62.16958	35.9	275.6	59.53960	35.5
5.7616	210.4	286.41433	49.1	205.4	246.15377	47.8	215.4	135.34524	42.6	200.4	106.94357	40.6	265.5	66.82894	36.5
5.8132	205.4	292.88349	49.3	210.4	211.64893	46.5	200.4	136.66046	42.7	260.5	84.82842	38.6	265.5	80.98540	38.2
5.8670	200.4	282.49229	49.0	205.4	198.02285	45.9	195.4	110.04787	40.8	255.5	109.34137	40.8	260.5	79.89732	38.1
5.9201	200.4	256.24227	48.2	195.4	205.13185	46.2	255.5	115.69227	41.3	250.5	107.80434	40.7	205.4	86.87401	38.8
5.9716	200.4	227.24487	47.1	195.4	157.18585	43.9	255.5	140.09527	42.9	205.4	122.05604	41.7	250.5	111.35559	40.9
6.0222	200.4	203.25467	46.2	255.5	158.25959	44.0	195.4	148.49556	43.4	205.4	129.52724	42.2	250.5	118.48550	41.5
6.0724	200.4	206.51381	46.3	255.5	165.63345	44.4	195.4	139.46312	42.9	205.4	111.09579	40.9	250.5	110.89999	40.9
6.1217	200.4	207.10094	46.3	255.5	183.90469	45.3	205.4	132.92137	42.5	260.5	112.78250	41.0	195.4	103.80575	40.3
6.1721	250.5	179.21307	45.1	195.4	164.39134	44.3	245.5	140.82668	43.0	190.4	102.41773	40.2	255.5	88.44381	38.9
6.2277	245.5	153.25834	43.7	240.5	125.70871	42.0	190.4	123.02782	41.8	195.4	117.43340	41.4	250.5	102.70575	40.2
6.2752	245.5	202.29976	46.1	250.5	135.03219	42.6	190.4	127.57349	42.1	195.4	121.53784	41.7	240.5	99.12643	39.9
6.3227	240.5	203.33736	46.2	245.5	153.14706	43.7	190.4	136.70508	42.7	185.4	93.84044	39.4	310.6	89.12885	39.0
6.3722	235.5	201.24551	46.1	240.5	137.58884	42.8	185.4	136.07654	42.7	300.6	88.53870	38.9	230.5	84.99357	38.6
6.4317	235.5	180.73278	45.1	230.5	163.26757	44.3	180.4	115.34226	41.2	185.4	110.81448	40.9	225.5	78.72853	37.9
6.4821	225.5	139.15595	42.9	220.4	134.30555	42.6	235.5	122.93543	41.8	175.4	105.61111	40.5	230.5	99.30316	39.9
6.5316	235.5	183.12978	45.3	230.5	121.88556	41.7	240.5	120.01514	41.6	300.6	105.97085	40.5	185.4	101.79676	40.2
6.5816	235.5	196.65439	45.9	230.5	181.70948	45.2	300.6	106.55036	40.6	185.4	103.76472	40.3	180.4	101.69654	40.1
6.6322	230.5	206.61471	46.3	225.5	135.91733	42.7	235.5	112.36515	41.0	180.4	93.47919	39.4	295.6	90.15649	39.1
6.6821	230.5	219.36605	46.8	225.5	144.87649	43.2	235.5	111.43741	40.9	295.6	85.62925	38.7	180.4	79.70110	38.0
6.7321	230.5	200.98811	46.1	225.5	189.84798	45.6	235.5	93.33876	39.4	290.6	81.08152	38.2	295.6	65.57402	36.3
6.7816	225.5	207.99460	46.4	220.4	165.16581	44.4	230.5	93.88391	39.5	285.6	88.08781	38.9	215.4	84.60180	38.5
6.8322	220.4	216.56264	46.7	215.4	133.77211	42.5	225.5	123.72353	41.8	280.6	102.59099	40.2	285.6	80.21858	38.1
6.8818	215.4	208.05497	46.4	220.4	158.82392	44.0	275.6	116.47263	41.3	210.4	76.76583	37.7	280.6	76.57700	37.7
6.9337	220.4	223.05280	47.0	225.5	197.73251	45.9	285.6	106.34272	40.5	215.4	100.86347	40.1	235.5	87.30053	38.8
6.9870	215.4	264.15274	48.4	210.4	221.12697	46.9	270.5	102.02236	40.2	275.6	90.67693	39.1	220.4	89.60560	39.0
7.0391	210.4	249.45615	47.9	215.4	239.52469	47.6	270.5	103.58544	40.3	275.6	90.99829	39.2	205.4	64.01475	36.1
7.0903	215.4	246.04021	47.8	210.4	202.10430	46.1	220.4	106.95228	40.6	275.6	97.24520	39.8	270.5	96.60809	39.7
7.1417	210.4	245.79509	47.8	215.4	230.48636	47.3	270.5	96.26018	39.7	205.4	80.41458	38.1	275.6	68.39937	36.7
7.1922	215.4	262.66628	48.4	210.4	239.13219	47.6	270.5	85.13305	38.6	220.4	84.67602	38.6	275.6	74.12040	37.4
7.2440	215.4	286.23464	49.1	210.4	190.31049	45.6	220.4	154.16415	43.8	275.6	81.74381	38.2	205.4	81.25785	38.2
7.2927	210.4	284.61173	49.1	215.4	218.52018	46.8	205.4	139.16134	42.9	270.5	88.70980	39.0	265.5	77.82044	37.8
7.3417	205.4	246.36403	47.8	200.4	235.12194	47.4	210.4	109.87958	40.8	195.4	109.49969	40.8	260.5	85.67314	38.7
7.3923	195.4	260.01071	48.3	200.4	227.32442	47.1	250.5	111.52170	40.9	255.5	84.78179	38.6	190.4	78.19508	37.9
7.4502	195.4	253.60201	48.1	190.4	138.59304	42.8	200.4	137.03151	42.7	250.5	125.80193	42.0	245.5	101.42964	40.1
7.5017	190.4	213.43859	46.6	195.4	212.33707	46.5	245.5	142.27270	43.1	240.5	85.49328	38.6	250.5	84.27005	38.5
7.5522	195.4	229.68632	47.2	250.5	170.71021	44.6	200.4	151.81858	43.6	255.5	99.49715	40.0	245.5	99.16904	39.9
7.6019	200.4	165.33405	44.4	255.5	160.20140	44.1	195.4	151.35894	43.6	250.5	149.29811	43.5	245.5	75.49111	37.6
7.6542	255.5	161.12451	44.1	250.5	160.63273	44.1	200.4	157.44303	43.9	195.4	146.78849	43.3	265.5	73.63922	37.3
7.7022	250.5	174.01564	44.8	195.4	161.94633	44.2	255.5	128.93128	42.2	200.4	128.80905	42.2	245.5	97.04458	39.7
7.7519	250.5	193.46711	45.7	195.4	177.66821	45.0	245.5	126.62353	42.1	200.4	115.95598	41.3	255.5	101.40836	40.1
7.8017	240.5	189.61433	45.6	190.4	157.61976	44.0	185.4	152.06904	43.6	245.5	120.60266	41.6	235.5	117.66854	41.4
7.8522	235.5	180.64356	45.1	230.5	175.77996	44.9	180.4	142.52777	43.1	185.4	123.50955	41.8	295.6	78.96226	37.9
7.9068	230.5	204.00806	46.2	235.5	150.07139	43.5	180.4	145.16378	43.2	295.6	100.52483	40.0	185.4	98.40330	39.9
7.9602	230.5	175.14607	44.9	225.5	165.38983	44.4	180.4	129.08556	42.2	290.6	115.43004	41.2	175.4	92.11126	39.3
8.0102	230.5	203.59850	46.2	235.5	130.42141	42.3	225.5	115.09959	41.2	180.4	113.85138	41.1	295.6	111.08077	40.9
8.0617	235.5	191.92456	45.7	230.5	166.16030	44.4	185.4	94.65712	39.5	180.4	92.54810	39.3	300.6	85.45166	38.6
8.1133	230.5	193.78992	45.7	225.5	159.67760	44.1	240.5	96.63833	39.7	180.4	89.56686	39.0	245.5	89.43571	39.0
8.1617	225.5	196.18608	45.9	230.5	193.70058	45.7	290.6	99.33328	39.9	180.4	92.08646	39.3	295.6	72.85733	37.2
8.2132	225.5	190.56304	45.6	230.5	188.19388	45.5	290.6	101.52790	40.1	220.4	100.05846	40.0	235.5	84.22937	38.5
8.2652	225.5	203.57771	46.2	220.4	156.12707	43.9	230.5	120.97824	41.7	285.6	84.81573	38.6	215.4	84.07096	38.5
8.3157	225.5	221.97500	46.9	230.5	192.13708	45.7	290.6	107.17894	40.6	235.5	90.96578	39.2	220.4	90.09852	39.1
8.3620	230.5	220.68419	46.9	235.5	168.90228	44.6	225.5	144.09583	43.2	295.6	130.33764	42.3	290.6	98.14083	39.8
8.4133	220.4	199.08511	46.0	215.4	191.10334	45.6	280.6	100.20140	40.0	275.6	96.12514	39.7	210.4	81.49281	38.2
8.4696	210.4	220.16647	46.9	215.4	180.55890	45.1	270.5	102.60722	40.2	220.4	88.28758	38.9	205.4	86.18036	38.7
8.5202	210.4	249.74320	47.9	205.4	150.27949	43.5	215.4	136.83610	42.7	270.5	92.87551	39.4	265.5	84.64326	38.6
8.5716	215.4	205.05079	46.2	210.4	197.62655	45.9	270.5	89.94423	39.1	275.6	87.85509	38.9	225.5	84.14179	38.5
8.6227	215.4	244.22111	47.8	220.4	179.37311	45.1	210.4	127.01003	42.1	275.6	91.23486	39.2	280.6	67.03006	36.5
8.6722	215.4	265.20019	48.5	220.4	216.36343	46.7	210.4	120.39238	41.6	225.5	78.15763	37.9	275.6	77.30872	37.8
8.7216	210.4	291.84438	49.3	205.4	205.34754	46.2	215.4	136.38059	42.7	265.5	72.69375	37.2	270.5	59.33312	35.5
8.7723	205.4	317.82776	50.0	210.4	207.12881	46.3	200.4	175.57970	44.9	260.5	76.70348	37.7	215.4	73.92438	37.4
8.8285	200.4	318.96352	50.1	205.4	223.64601	47.0	195.4	149.28096	43.5	255.5	88.88580	39.0	260.5	70.57751	37.0
8.8802	200.4	269.42988	48.6	195.4	208.73314	46.4	205.4	137.39897	42.8	255.5	102.26887	40.2	250.5	85.45978	38.6
8.9317	200.4	239.92892	47.6	195.4	173.14900	44.8	205.4	135.14716	42.6	255.5	112.19262	41.0	250.5	103.94704	40.3
8.9817	200.4	191.11055	45.6	195.4	147.47214	43.4	255.5	131.39910	42.4	250.5	93.94232	39.5	205.4	91.84068	39.3
9.0328	200.4	204.48503	46.2	255.5	139.48975	42.9	205.4	127.53405	42.1	195.4	123.55611	41.8	260.5	103.97411	40.3
9.0819	200.4	203.05055	46.2	195.4	163.89575	44.3	255.5	145.56185	43.3	250.5	120.59917	41.6	205.4	79.18221	38.0
9.1323	195.4	195.77791	45.8	250.5	165.41267	44.4	200.4	164.16842	44.3	255.5	120.72233	41.6	245.5	87.21302	38.8
9.1817	190.4	189.99405	45.6	245.5	171.71897	44.7	240.5	134.81738	42.6	195.4	108.52120	40.7	185.4	92.61456	39.3
9.2355	195.4	174.29375	44.8	250.5	171.08293	44.7	245.5	137.72007	42.8	190.4	104.71639	40.4	200.4	87.27145	38.8
9.2866	245.5	176.82046	45.0	190.4	140.55502	43.0	195.4	135.93479	42.7	250.5	133.22485	42.5	240.5	106.89434	40.6
9.3322	245.5	184.22476	45.3	240.5	136.12357	42.7	250.5	127.80715	42.1	195.4	123.99432	41.9	190.4	122.35218	41.8
9.3822	245.5	233.59194	47.4	250.5	138.79419	42.8	190.4	126.02641	42.0	195.4	124.41376	41.9	240.5	116.84440	41.4
9.4321	230.5	171.54568	44.7	235.5	149.91958	43.5	180.4	137.08132	42.7	185.4	106.56405	40.6	240.5	95.57038	39.6
9.4817	235.5	180.63479	45.1	230.5	171.47669	44.7	180.4	116.84282	41.4	185.4	104.72940	40.4	245.5	88.71709	39.0
9.5377	230.5	213.71546	46.6	225.5	212.23899	46.5	180.4	111.20152	40.9	290.6	107.41007	40.6	175.4	88.48584	38.9
9.5902	225.5	238.57893	47.6	220.4	141.52207	43.0	230.5	118.71310	41.5	285.6	106.42095	40.5	175.4	101.81536	40.2
9.6401	225.5	212.89416	46.6	230.5	187.14276	45.4	290.6	86.50917	38.7	235.5	77.78610	37.8	220.4	76.22746	37.6
9.6916	225.5	198.14518	45.9	230.5	178.18339	45.0	290.6	102.01797	40.2	220.4	82.49050	38.3	180.4	71.09360	37.0
9.7417	225.5	195.26500	45.8	220.4	177.13763	45.0	230.5	105.09677	40.4	285.6	101.44844	40.1	215.4	93.40630	39.4
9.7922	225.5	228.37964	47.2	230.5	147.44840	43.4	220.4	129.42949	42.2	285.6	76.74364	37.7	235.5	74.58257	37.5
9.8417	225.5	238.43220	47.5	230.5	177.12242	45.0	290.6	125.41615	42.0	220.4	104.98491	40.4	285.6	98.80771	39.9
9.8923	225.5	211.86369	46.5	220.4	196.28282	45.9	285.6	129.97545	42.3	290.6	101.09364	40.1	230.5	101.04585	40.1
9.9459	220.4	223.84528	47.0	225.5	178.41930	45.0	215.4	130.43479	42.3	285.6	94.69542	39.5	280.6	93.49113	39.4
9.9941	220.4	250.89272	48.0	215.4	157.37192	43.9	225.5	126.27966	42.0	280.6	115.01814	41.2	285.6	78.81735	37.9
10.0422	215.4	278.94896	48.9	220.4	147.64342	43.4	210.4	134.65089	42.6	275.6	102.90872	40.2	270.5	74.10204	37.4
10.0922	210.4	287.07337	49.2	205.4	165.62105	44.4	215.4	158.35703	44.0	270.5	83.96133	38.5	265.5	72.81972	37.2
10.1515	205.4	280.31536	49.0	200.4	190.06660	45.6	210.4	108.11471	40.7	260.5	86.08345	38.7	265.5	62.23779	35.9
10.2017	205.4	291.73615	49.3	210.4	181.40473	45.2	200.4	140.68962	43.0	265.5	88.18136	38.9	260.5	87.31947	38.8
10.2543	215.4	294.36073	49.4	210.4	215.77571	46.7	220.4	149.30431	43.5	275.6	67.47288	36.6	270.5	62.83061	36.0
10.3025	205.4	328.49654	50.3	200.4	183.14323	45.3	210.4	136.96718	42.7	260.5	81.81174	38.3	330.7	69.28031	36.8
10.3523	205.4	259.11882	48.3	210.4	201.16484	46.1	200.4	141.60880	43.0	260.5	95.65400	39.6	265.5	90.31621	39.1
10.4102	195.4	230.80226	47.3	200.4	199.76139	46.0	190.4	121.88720	41.7	250.5	101.81784	40.2	205.4	78.08227	37.9
10.4617	195.4	262.49326	48.4	190.4	151.43152	43.6	200.4	137.73120	42.8	250.5	114.86925	41.2	245.5	108.37614	40.7
10.5129	195.4	215.34511	46.7	200.4	200.30681	46.0	250.5	151.17379	43.6	255.5	131.55580	42.4	190.4	86.40250	38.7
10.5619	200.4	217.37734	46.7	255.5	172.23350	44.7	205.4	130.69500	42.3	260.5	115.38584	41.2	195.4	103.80103	40.3
10.6138	195.4	187.16434	45.4	250.5	181.93519	45.2	245.5	134.49630	42.6	200.4	127.86200	42.1	190.4	117.25845	41.4
10.6617	250.5	202.64249	46.1	195.4	174.65498	44.8	245.5	124.92666	41.9	255.5	116.96536	41.4	200.4	110.14441	40.8
10.7159	250.5	185.04242	45.3	195.4	154.84404	43.8	245.5	143.34747	43.1	255.5	97.17474	39.8	200.4	89.41312	39.0
10.7617	235.5	164.92838	44.3	240.5	155.93445	43.9	185.4	138.67580	42.8	190.4	109.90470	40.8	230.5	91.45015	39.2
10.8138	240.5	182.45670	45.2	245.5	170.87711	44.7	190.4	154.25115	43.8	185.4	102.25360	40.2	195.4	78.65534	37.9
10.8675	235.5	178.26517	45.0	240.5	173.32977	44.8	185.4	147.80418	43.4	190.4	90.62880	39.1	305.6	71.32519	37.1
10.9158	240.5	203.98718	46.2	245.5	154.16799	43.8	190.4	117.77676	41.4	235.5	100.60728	40.1	185.4	89.13662	39.0
10.9660	235.5	220.45347	46.9	230.5	139.59578	42.9	185.4	113.89633	41.1	300.6	112.38309	41.0	240.5	97.66967	39.8
11.0202	230.5	199.38722	46.0	235.5	153.13943	43.7	180.4	135.43376	42.6	185.4	90.40902	39.1	295.6	86.39704	38.7
11.0702	230.5	202.52517	46.1	225.5	154.48915	43.8	180.4	116.04794	41.3	235.5	99.31855	39.9	245.5	86.15614	38.7
11.1202	230.5	205.22618	46.2	235.5	155.43496	43.8	295.6	99.86754	40.0	225.5	98.53018	39.9	180.4	86.31792	38.7
11.1717	225.5	214.09329	46.6	230.5	147.51704	43.4	290.6	115.08868	41.2	220.4	114.23984	41.2	235.5	82.21194	38.3
11.2217	225.5	216.16063	46.7	230.5	176.49129	44.9	290.6	117.26453	41.4	220.4	99.29694	39.9	285.6	76.15698	37.6
11.2733	230.5	208.72802	46.4	225.5	196.10583	45.8	290.6	122.38220	41.8	295.6	98.75092	39.9	235.5	84.64895	38.6
11.3217	225.5	212.77813	46.6	220.4	188.15649	45.5	230.5	106.76410	40.6	285.6	95.44364	39.6	215.4	89.85443	39.1
11.3721	220.4	244.65003	47.8	225.5	225.55400	47.1	285.6	92.99225	39.4	215.4	72.16544	37.2	175.4	64.90943	36.2
11.4217	215.4	215.02496	46.6	220.4	212.11374	46.5	280.6	108.55736	40.7	275.6	96.31671	39.7	285.6	68.15499	36.7
11.4723	220.4	244.81831	47.8	215.4	163.28810	44.3	280.6	120.96175	41.7	225.5	114.68212	41.2	285.6	73.88641	37.4
11.5261	210.4	264.50144	48.4	215.4	208.74522	46.4	270.5	102.79585	40.2	205.4	85.76245	38.7	220.4	75.58975	37.6
11.5745	210.4	262.04657	48.4	205.4	182.24126	45.2	265.5	106.47486	40.5	215.4	101.76298	40.2	270.5	85.86116	38.7
11.6301	210.4	279.84484	48.9	205.4	158.55905	44.0	215.4	142.77175	43.1	270.5	89.33322	39.0	265.5	64.62794	36.2
11.6817	210.4	280.41186	49.0	205.4	224.91787	47.0	215.4	104.24278	40.4	265.5	84.75356	38.6	270.5	69.32565	36.8
11.7336	205.4	273.81578	48.7	210.4	256.58466	48.2	265.5	90.26877	39.1	200.4	85.79297	38.7	215.4	76.36682	37.7
11.7817	210.4	264.55424	48.5	205.4	245.36686	47.8	215.4	102.74454	40.2	265.5	90.29938	39.1	200.4	83.49402	38.4
11.8377	205.4	274.92182	48.8	200.4	184.32269	45.3	210.4	143.21010	43.1	260.5	119.65243	41.6	265.5	71.70724	37.1
11.8902	200.4	255.14223	48.1	195.4	191.50256	45.6	205.4	120.66694	41.6	255.5	107.98049	40.7	250.5	95.98985	39.6
11.9418	200.4	235.61275	47.4	205.4	181.23609	45.2	255.5	116.46145	41.3	195.4	111.73313	41.0	260.5	98.85970	39.9
11.9922	200.4	196.10017	45.8	205.4	154.72889	43.8	255.5	127.46859	42.1	260.5	101.45237	40.1	195.4	96.08603	39.7
12.0441	200.4	193.93224	45.8	255.5	173.12445	44.8	205.4	129.49433	42.2	260.5	124.31703	41.9	195.4	107.73735	40.6
12.0927	200.4	188.10812	45.5	255.5	185.43245	45.4	250.5	136.68959	42.7	195.4	125.10851	41.9	260.5	85.75464	38.7
12.1417	200.4	193.02676	45.7	255.5	186.39174	45.4	195.4	132.58985	42.5	250.5	123.31999	41.8	260.5	97.18426	39.8
12.1922	200.4	170.07155	44.6	260.5	149.03522	43.5	255.5	146.30424	43.3	205.4	131.92751	42.4	195.4	112.76168	41.0
12.2418	205.4	85.11927	38.6	200.4	76.63939	37.7	210.4	70.41061	37.0	265.5	65.72771	36.4	270.5	62.63081	35.9
12.2895	205.4	14.81288	23.4	200.4	14.20356	23.0	210.4	13.41088	22.5	195.4	12.34928	21.8	215.4	11.54503	21.2
