# LRA Top-5 Frequency Peaks — Condensed Summary
# Source file: shepard_falling_1.0.mp3
# Generated:   2026-07-13 15:05:07
# Accel sample rate: 1522.0-1737.3 Hz per-window range (1632.9 Hz overall)
# Freq resolution:   5.01 Hz per bin (peaks below are quantized to this common grid;
#                    each window measured at its own real rate, then
#                    resampled here for cross-window comparability)
# Rows:        158
#
# For each time window, the top 5 frequency peaks by magnitude,
# sorted strongest first. Each peak is reported in BOTH units:
#   peakN_g  = linear amplitude in g (true physical intensity)
#   peakN_db = 20*log10(g) (compressed range — easier to compare
#              strong vs weak components, e.g. Shepard octave partners)
#
# NOTE: adjacent bins around one physical tone can both appear as
# separate 'peaks' — treat peaks within 1-2 bins of each other as
# the same component.
#
time_s	peak1_hz	peak1_g	peak1_db	peak2_hz	peak2_g	peak2_db	peak3_hz	peak3_g	peak3_db	peak4_hz	peak4_g	peak4_db	peak5_hz	peak5_g	peak5_db
0.4352	215.4	233.64611	47.4	430.8	90.96179	39.2	210.4	47.49366	33.5	220.4	40.96134	32.2	435.8	37.61014	31.5
0.4839	220.4	142.16866	43.1	225.4	142.04427	43.0	445.8	103.36116	40.3	450.8	31.22622	29.9	230.4	27.53376	28.8
0.5318	215.4	162.41835	44.2	210.4	130.49418	42.3	425.8	84.55156	38.5	430.8	45.97123	33.2	220.4	36.70684	31.3
0.5733	220.4	225.29299	47.1	215.4	93.95026	39.5	440.8	77.26095	37.8	225.4	66.54421	36.5	445.8	54.88494	34.8
0.6306	215.4	209.42548	46.4	220.4	112.93970	41.1	435.8	74.20127	37.4	430.8	62.50355	35.9	210.4	42.64997	32.6
0.6735	210.4	163.55280	44.3	205.4	145.92444	43.3	415.7	89.42858	39.0	215.4	54.12688	34.7	420.7	48.84634	33.8
0.7250	215.4	221.86860	46.9	210.4	112.16808	41.0	430.8	66.96934	36.5	220.4	60.41204	35.6	425.8	59.56832	35.5
0.7747	210.4	247.25979	47.9	205.4	83.68785	38.5	420.7	64.44529	36.2	215.4	58.14429	35.3	200.4	43.58988	32.8
0.8255	210.4	214.63172	46.6	205.4	124.67096	41.9	415.7	49.09040	33.8	420.7	47.69679	33.6	200.4	42.34800	32.5
0.8733	205.4	264.44047	48.4	200.4	111.09114	40.9	210.4	76.72512	37.7	410.7	45.62544	33.2	405.7	39.02054	31.8
0.9255	205.4	201.38061	46.1	200.4	144.33003	43.2	210.4	118.94963	41.5	195.3	65.95085	36.4	410.7	51.67265	34.3
0.9785	205.4	247.72922	47.9	200.4	127.67801	42.1	210.4	75.89453	37.6	405.7	50.24393	34.0	410.7	47.22924	33.5
1.0265	205.4	241.06469	47.6	200.4	135.35824	42.6	210.4	72.55001	37.2	405.7	56.87172	35.1	220.4	43.70265	32.8
1.0732	205.4	196.40311	45.9	210.4	156.42226	43.9	200.4	117.62545	41.4	215.4	77.19853	37.8	410.7	73.19936	37.3
1.1254	205.4	188.79979	45.5	200.4	170.32812	44.6	210.4	71.72381	37.1	195.3	60.43581	35.6	410.7	58.55722	35.4
1.1741	200.4	253.38389	48.1	205.4	107.62971	40.6	195.3	98.42798	39.9	405.7	49.64261	33.9	215.4	43.45211	32.8
1.2232	200.4	244.70850	47.8	205.4	152.25154	43.7	195.3	68.95003	36.8	405.7	57.03117	35.1	410.7	42.22066	32.5
1.2729	205.4	198.82300	46.0	200.4	166.99294	44.5	210.4	114.43928	41.2	195.3	66.82850	36.5	215.4	43.08982	32.7
1.3237	200.4	237.68970	47.5	205.4	151.19020	43.6	195.3	108.34800	40.7	210.4	80.76732	38.1	400.7	57.18616	35.1
1.3704	200.4	195.74183	45.8	195.3	135.58977	42.6	205.4	106.70846	40.6	210.4	80.65853	38.1	190.3	66.87065	36.5
1.4217	205.4	157.59896	44.0	210.4	157.18355	43.9	200.4	81.86382	38.3	215.4	78.90909	37.9	195.3	66.70450	36.5
1.4717	200.4	216.11989	46.7	195.3	118.34969	41.5	205.4	76.37735	37.7	215.4	54.64446	34.8	400.7	52.13028	34.3
1.5150	195.3	170.31369	44.6	200.4	153.65308	43.7	190.3	87.32161	38.8	390.7	74.31283	37.4	215.4	65.51560	36.3
1.5705	195.3	173.33354	44.8	200.4	141.33406	43.0	190.3	98.66521	39.9	390.7	77.67412	37.8	215.4	62.13387	35.9
1.6228	190.3	189.91307	45.6	185.3	131.30316	42.4	195.3	93.53729	39.4	380.7	66.85900	36.5	180.3	56.87002	35.1
1.6729	195.3	171.64554	44.7	190.3	154.27157	43.8	200.4	92.53919	39.3	390.7	61.61361	35.8	185.3	50.48228	34.1
1.7229	190.3	184.50785	45.3	185.3	123.73786	41.9	195.3	87.68117	38.9	380.7	60.42992	35.6	200.4	47.53778	33.5
1.7729	190.3	167.39310	44.5	195.3	162.45925	44.2	200.4	67.17832	36.5	390.7	52.51948	34.4	185.3	51.58366	34.3
1.8238	185.3	198.90011	46.0	180.3	108.91005	40.7	190.3	64.39527	36.2	370.7	47.69718	33.6	175.3	40.44274	32.1
1.8729	190.3	261.91468	48.4	380.7	67.40577	36.6	195.3	42.26850	32.5	240.4	35.10584	30.9	185.3	25.03696	28.0
1.9268	195.3	139.82241	42.9	190.3	136.42468	42.7	385.7	80.82187	38.2	55.1	32.98064	30.4	245.4	29.97024	29.5
1.9771	195.3	222.43654	46.9	190.3	62.65647	35.9	390.7	58.33227	35.3	55.1	37.18004	31.4	385.7	33.17666	30.4
2.0253	190.3	231.89807	47.3	185.3	88.04067	38.9	195.3	61.30257	35.7	380.7	50.78111	34.1	375.7	45.44265	33.1
2.0729	185.3	168.97243	44.6	190.3	158.20311	44.0	180.3	74.21493	37.4	195.3	68.76623	36.7	370.7	60.11215	35.6
2.1304	180.3	160.47742	44.1	185.3	156.47849	43.9	190.3	69.40216	36.8	370.7	54.95411	34.8	365.6	51.89521	34.3
2.1828	180.3	188.63498	45.5	175.3	107.93608	40.7	185.3	94.04013	39.5	360.6	68.23072	36.7	190.3	44.00438	32.9
2.2336	185.3	178.27416	45.0	190.3	142.65537	43.1	375.7	61.74214	35.8	380.7	54.52464	34.7	195.3	53.88789	34.6
2.2849	185.3	255.13419	48.1	370.7	83.21666	38.4	190.3	63.34151	36.0	375.7	48.82011	33.8	180.3	47.70915	33.6
2.3330	185.3	208.79429	46.4	190.3	109.94897	40.8	375.7	74.28215	37.4	370.7	61.39589	35.8	180.3	39.45190	31.9
2.3849	180.3	183.22571	45.3	185.3	127.28784	42.1	365.6	76.68548	37.7	360.6	60.80049	35.7	175.3	44.41054	32.9
2.4359	185.3	179.56213	45.1	180.3	146.15062	43.3	175.3	91.67884	39.2	365.6	75.65398	37.6	190.3	61.06187	35.7
2.4907	180.3	155.41405	43.8	175.3	141.29406	43.0	185.3	112.23103	41.0	360.6	76.89212	37.7	190.3	56.65324	35.1
2.5382	175.3	206.74530	46.3	180.3	114.51310	41.2	355.6	62.09700	35.9	170.3	57.73870	35.2	185.3	47.78154	33.6
2.5930	180.3	182.65428	45.2	175.3	130.93156	42.3	185.3	64.09560	36.1	355.6	58.10229	35.3	360.6	53.16035	34.5
2.6453	175.3	153.93385	43.7	180.3	128.01993	42.1	355.6	88.20624	38.9	365.6	43.54443	32.8	185.3	39.68379	32.0
2.6968	185.3	232.35758	47.3	370.7	75.51435	37.6	180.3	52.76084	34.4	365.6	48.61460	33.7	170.3	31.61041	30.0
2.7459	175.3	165.23787	44.4	180.3	146.00206	43.3	350.6	70.44523	37.0	355.6	67.69786	36.6	170.3	63.61239	36.1
2.7928	175.3	180.92737	45.2	170.3	142.49845	43.1	345.6	92.67447	39.3	180.3	80.63869	38.1	185.3	41.23142	32.3
2.8504	170.3	168.56472	44.5	175.3	149.99650	43.5	345.6	72.12446	37.2	180.3	63.60826	36.1	350.6	61.19459	35.7
2.9028	170.3	169.55250	44.6	165.3	124.09268	41.9	340.6	91.77793	39.3	175.3	73.32854	37.3	335.6	59.12760	35.4
2.9550	175.3	219.76735	46.8	180.3	97.16164	39.7	355.6	79.17213	38.0	350.6	76.85708	37.7	170.3	46.99485	33.4
3.0063	175.3	152.66085	43.7	170.3	141.33937	43.0	345.6	113.56604	41.1	350.6	42.55839	32.6	340.6	36.33738	31.2
3.0545	170.3	148.40012	43.4	175.3	128.12227	42.2	345.6	115.44066	41.2	340.6	36.44843	31.2	350.6	26.88448	28.6
3.1104	170.3	153.70135	43.7	175.3	125.48371	42.0	340.6	80.96247	38.2	345.6	79.53143	38.0	165.3	53.83727	34.6
3.1621	170.3	182.41806	45.2	165.3	128.24727	42.2	335.6	109.81422	40.8	175.3	53.42416	34.6	160.3	53.12444	34.5
3.2132	170.3	173.91698	44.8	175.3	118.16849	41.5	345.6	92.29231	39.3	340.6	74.33673	37.4	165.3	71.42533	37.1
3.2652	170.3	155.94212	43.9	165.3	121.21100	41.7	340.6	119.08572	41.5	175.3	84.96957	38.6	160.3	46.61032	33.4
3.3159	170.3	205.98966	46.3	175.3	97.84866	39.8	345.6	86.62021	38.8	165.3	81.01752	38.2	340.6	70.76599	37.0
3.3703	165.3	214.56054	46.6	330.6	102.45952	40.2	335.6	66.71423	36.5	170.3	59.03348	35.4	325.6	57.59739	35.2
3.4182	165.3	163.55487	44.3	335.6	98.31191	39.9	170.3	92.66973	39.3	330.6	60.40102	35.6	340.6	49.68519	33.9
3.4742	165.3	127.03414	42.1	170.3	111.92501	41.0	335.6	91.47200	39.2	160.3	90.57451	39.1	325.6	78.82657	37.9
3.5251	165.3	140.67769	43.0	160.3	108.04883	40.7	340.6	92.48191	39.3	325.6	77.86856	37.8	170.3	66.58381	36.5
3.5737	170.3	206.71864	46.3	340.6	123.94678	41.9	355.6	67.98348	36.6	335.6	54.92566	34.8	350.6	53.86731	34.6
3.6253	170.3	142.28516	43.1	165.3	107.23758	40.6	335.6	100.41424	40.0	330.6	78.79589	37.9	340.6	54.17930	34.7
3.6726	165.3	134.77902	42.6	335.6	134.40195	42.6	170.3	132.46165	42.4	160.3	66.20258	36.4	330.6	58.70740	35.4
3.7253	160.3	185.77066	45.4	325.6	103.26862	40.3	320.6	91.02771	39.2	165.3	71.22378	37.1	330.6	62.12033	35.9
3.7728	160.3	192.41314	45.7	320.6	114.25787	41.2	325.6	72.24855	37.2	165.3	50.49793	34.1	330.6	32.44250	30.2
3.8303	160.3	143.65940	43.1	315.6	121.22035	41.7	155.3	81.66603	38.2	320.6	59.65590	35.5	355.6	29.82329	29.5
3.8771	155.3	180.35427	45.1	310.6	112.12334	41.0	315.6	72.61067	37.2	160.3	50.60551	34.1	305.5	39.84972	32.0
3.9328	160.3	137.57675	42.8	165.3	115.29057	41.2	320.6	98.49579	39.9	325.6	93.34995	39.4	330.6	50.94162	34.1
3.9837	310.6	145.60201	43.3	155.3	133.19292	42.5	160.3	87.92819	38.9	150.3	80.37531	38.1	315.6	44.58438	33.0
4.0330	160.3	124.55712	41.9	155.3	116.83118	41.4	320.6	108.32343	40.7	315.6	78.74985	37.9	165.3	63.31989	36.0
4.0858	155.3	129.47235	42.2	315.6	126.58975	42.0	160.3	105.82698	40.5	310.6	66.44400	36.4	320.6	50.33885	34.0
4.1329	160.3	121.40664	41.7	315.6	117.79143	41.4	155.3	114.89459	41.2	310.6	71.17882	37.0	320.6	58.12866	35.3
4.1864	160.3	113.65225	41.1	155.3	109.92132	40.8	310.6	99.93329	40.0	315.6	86.34930	38.7	150.3	52.92159	34.5
4.2349	155.3	119.87032	41.6	160.3	109.33362	40.8	315.6	102.80551	40.2	310.6	70.15972	36.9	150.3	64.78743	36.2
4.2851	155.3	171.85480	44.7	310.6	98.03537	39.8	315.6	63.55922	36.1	150.3	51.67635	34.3	305.5	50.40700	34.0
4.3328	155.3	159.42132	44.1	310.6	99.47221	40.0	315.6	71.28213	37.1	160.3	43.29973	32.7	390.7	26.56709	28.5
4.3848	305.5	117.28496	41.4	155.3	104.85465	40.4	150.3	90.74737	39.2	310.6	32.82287	30.3	315.6	27.91207	28.9
4.4330	155.3	152.90532	43.7	310.6	91.97391	39.3	305.5	71.06734	37.0	150.3	48.62722	33.7	300.5	29.24530	29.3
4.4871	150.3	109.68877	40.8	300.5	96.48084	39.7	155.3	91.86564	39.3	305.5	70.02806	36.9	145.3	51.31326	34.2
4.5330	155.3	111.98092	41.0	150.3	107.76202	40.6	305.5	96.77812	39.7	160.3	49.28279	33.9	300.5	43.29157	32.7
4.5872	150.3	130.26306	42.3	305.5	88.94059	39.0	155.3	82.56075	38.3	145.3	53.01931	34.5	300.5	52.43480	34.4
4.6329	150.3	111.39569	40.9	300.5	86.94658	38.8	145.3	71.13647	37.0	295.5	65.58460	36.3	305.5	63.82348	36.1
4.6857	150.3	145.12735	43.2	300.5	98.25479	39.8	305.5	75.61243	37.6	155.3	46.33702	33.3	310.6	38.64915	31.7
4.7348	150.3	117.95262	41.4	300.5	76.29621	37.7	305.5	74.03287	37.4	290.5	50.92050	34.1	155.3	48.74051	33.8
4.7848	145.3	81.62056	38.2	295.5	78.44953	37.9	150.3	76.66208	37.7	300.5	69.69587	36.9	305.5	63.09147	36.0
4.8328	145.3	120.20257	41.6	290.5	91.90281	39.3	295.5	61.53511	35.8	150.3	36.81185	31.3	320.6	33.13524	30.4
4.8827	305.5	97.68124	39.8	155.3	84.21187	38.5	150.3	77.78856	37.8	300.5	56.99944	35.1	310.6	50.62032	34.1
4.9327	145.3	104.08789	40.3	290.5	83.21999	38.4	285.5	56.16210	35.0	150.3	55.02351	34.8	295.5	51.23055	34.2
4.9738	300.5	97.60038	39.8	150.3	90.69099	39.2	295.5	59.51330	35.5	155.3	58.61952	35.4	145.3	57.05424	35.1
5.0303	145.3	103.69504	40.3	295.5	85.26235	38.6	290.5	75.83113	37.6	300.5	69.47366	36.8	150.3	53.26742	34.5
5.0727	145.3	103.66511	40.3	280.5	97.60159	39.8	295.5	70.04153	36.9	290.5	66.77045	36.5	300.5	61.58671	35.8
5.1305	285.5	98.64101	39.9	300.5	87.65892	38.9	145.3	65.45637	36.3	140.2	62.68469	35.9	280.5	58.86280	35.4
5.1729	140.2	97.26694	39.8	280.5	81.41798	38.2	275.5	70.34226	36.9	295.5	69.09643	36.8	290.5	55.09928	34.8
5.2252	285.5	103.53700	40.3	145.3	85.85856	38.7	290.5	69.55379	36.8	140.2	58.44324	35.3	280.5	57.17979	35.1
5.2729	140.2	96.02058	39.6	280.5	95.74300	39.6	275.5	70.97581	37.0	270.5	58.47920	35.3	290.5	55.57107	34.9
5.3248	280.5	95.94344	39.6	140.2	89.80296	39.1	285.5	73.26893	37.3	295.5	46.55831	33.4	270.5	45.08368	33.1
5.3728	140.2	96.19894	39.7	280.5	95.52104	39.6	275.5	84.22760	38.5	270.5	73.41085	37.3	265.5	62.45709	35.9
5.4227	285.5	133.96107	42.5	290.5	79.95940	38.1	145.3	68.80259	36.8	140.2	65.62874	36.3	280.5	60.83961	35.7
5.4727	275.5	113.54576	41.1	280.5	88.91524	39.0	135.2	69.86151	36.9	270.5	66.29663	36.4	140.2	52.86217	34.5
5.5163	275.5	137.40736	42.8	280.5	80.37120	38.1	140.2	67.49054	36.6	135.2	47.34835	33.5	285.5	37.88801	31.6
5.5697	275.5	148.26028	43.4	135.2	67.80885	36.6	270.5	56.68398	35.1	140.2	49.58674	33.9	280.5	37.48143	31.5
5.6173	275.5	135.68659	42.7	270.5	76.16918	37.6	135.2	71.27156	37.1	140.2	43.23604	32.7	450.8	30.15477	29.6
5.6668	270.5	117.15599	41.4	275.5	89.29529	39.0	135.2	84.87881	38.6	265.5	47.94233	33.6	280.5	39.79910	32.0
5.7128	275.5	115.68716	41.3	270.5	89.65493	39.1	280.5	78.69074	37.9	140.2	72.84612	37.2	135.2	46.26453	33.3
5.7627	280.5	115.69494	41.3	285.5	101.08288	40.1	275.5	69.35048	36.8	140.2	61.68737	35.8	290.5	59.91060	35.6
5.8103	270.5	125.72809	42.0	275.5	87.56776	38.8	135.2	75.93801	37.6	280.5	56.88407	35.1	265.5	48.96270	33.8
5.8529	275.5	118.81376	41.5	270.5	93.65765	39.4	280.5	70.26427	36.9	135.2	61.38163	35.8	140.2	43.14420	32.7
5.9051	270.5	139.30092	42.9	265.5	96.97980	39.7	135.2	58.32047	35.3	275.5	54.27789	34.7	130.2	50.62444	34.1
5.9527	260.5	126.54363	42.0	255.5	95.24463	39.6	265.5	75.40358	37.5	130.2	68.85334	36.8	250.4	51.05474	34.2
6.0052	260.5	126.94891	42.1	265.5	108.73988	40.7	130.2	78.31225	37.9	270.5	49.21351	33.8	255.5	37.16660	31.4
6.0538	260.5	165.99970	44.4	130.2	85.75980	38.7	265.5	55.56004	34.9	465.8	33.49708	30.5	270.5	30.60466	29.7
6.1030	265.5	120.05170	41.6	260.5	101.21127	40.1	130.2	71.54147	37.1	135.2	30.86900	29.8	475.8	25.66229	28.2
6.1511	265.5	155.07092	43.8	260.5	92.65024	39.3	130.2	58.90294	35.4	270.5	55.72879	34.9	135.2	48.01027	33.6
6.2006	265.5	137.29104	42.8	270.5	123.14434	41.8	135.2	79.59723	38.0	275.5	62.44160	35.9	260.5	45.81076	33.2
6.2497	260.5	133.53182	42.5	265.5	117.69434	41.4	135.2	49.85292	34.0	130.2	47.54081	33.5	270.5	42.54616	32.6
6.2931	260.5	167.66656	44.5	255.5	66.48670	36.5	130.2	51.51915	34.2	270.5	37.66746	31.5	135.2	37.50361	31.5
6.3448	255.5	187.45704	45.5	260.5	56.64554	35.1	130.2	50.03423	34.0	125.2	43.52021	32.8	480.9	28.76701	29.2
6.3957	255.5	149.43589	43.5	250.4	111.40588	40.9	125.2	51.81824	34.3	260.5	36.91381	31.3	130.2	32.59018	30.3
6.4436	255.5	166.80790	44.4	260.5	102.65092	40.2	250.4	61.77695	35.8	125.2	56.89602	35.1	265.5	40.11234	32.1
6.4936	255.5	137.69374	42.8	260.5	121.47663	41.7	250.4	73.95428	37.4	265.5	62.17061	35.9	270.5	52.38017	34.4
6.5427	260.5	115.55868	41.3	265.5	97.05383	39.7	270.5	92.20004	39.3	275.5	80.32171	38.1	130.2	55.72205	34.9
6.5903	255.5	143.04557	43.1	250.4	110.29941	40.9	265.5	71.95077	37.1	260.5	70.20836	36.9	125.2	44.90126	33.0
6.6336	260.5	121.64243	41.7	255.5	84.85598	38.6	245.4	83.56165	38.4	265.5	82.61031	38.3	240.4	76.65066	37.7
6.6901	255.5	132.83126	42.5	245.4	100.71916	40.1	260.5	97.07491	39.7	240.4	91.81355	39.3	265.5	42.33645	32.5
6.7360	250.4	114.40776	41.2	245.4	100.87156	40.1	235.4	99.94773	40.0	230.4	69.73747	36.9	255.5	64.80478	36.2
6.7851	250.4	139.37995	42.9	240.4	113.26564	41.1	245.4	74.67524	37.5	235.4	63.23123	36.0	255.5	58.65203	35.4
6.8353	250.4	153.03812	43.7	255.5	107.65618	40.6	245.4	60.74524	35.7	260.5	56.37978	35.0	240.4	55.14090	34.8
6.8847	245.4	145.70690	43.3	240.4	124.32250	41.9	250.4	87.09344	38.8	255.5	71.51993	37.1	260.5	64.24056	36.2
6.9327	245.4	157.96006	44.0	250.4	130.06159	42.3	255.5	53.14582	34.5	240.4	50.23269	34.0	235.4	46.91411	33.4
6.9847	245.4	200.17563	46.0	240.4	86.19323	38.7	265.5	47.83652	33.6	270.5	46.59121	33.4	250.4	42.37890	32.5
7.0328	245.4	200.19559	46.0	240.4	93.61123	39.4	250.4	41.41972	32.3	275.5	38.68449	31.8	260.5	36.87204	31.3
7.0826	245.4	219.01847	46.8	240.4	98.05231	39.8	250.4	91.09679	39.2	275.5	62.57163	35.9	485.9	40.53131	32.2
7.1327	240.4	168.04213	44.5	235.4	106.46020	40.5	245.4	103.59435	40.3	230.4	58.32202	35.3	280.5	47.71949	33.6
7.1826	240.4	193.77047	45.7	235.4	110.68524	40.9	245.4	54.96811	34.8	280.5	54.61245	34.7	120.2	39.11140	31.8
7.2332	240.4	199.69757	46.0	235.4	97.84627	39.8	120.2	43.87579	32.8	285.5	43.66071	32.8	280.5	39.61230	32.0
7.2826	240.4	199.71904	46.0	235.4	103.02607	40.3	120.2	44.70719	33.0	230.4	42.31857	32.5	475.8	36.17968	31.2
7.3327	240.4	187.69717	45.5	235.4	139.57970	42.9	230.4	64.54050	36.2	245.4	56.84355	35.1	475.8	36.31863	31.2
7.3826	225.4	176.82372	45.0	230.4	149.18363	43.5	220.4	75.25488	37.5	235.4	59.37126	35.5	280.5	48.26147	33.7
7.4326	235.4	204.45122	46.2	240.4	104.08469	40.3	230.4	94.93334	39.5	225.4	43.27864	32.7	470.8	35.86544	31.1
7.4826	245.4	218.72516	46.8	250.4	123.48158	41.8	240.4	59.08936	35.4	315.6	43.38635	32.7	495.9	37.13885	31.4
7.5302	235.4	215.10308	46.7	240.4	105.15939	40.4	230.4	104.48803	40.4	305.5	44.60576	33.0	465.8	35.63416	31.0
7.5727	240.4	204.29123	46.2	235.4	115.71689	41.3	245.4	99.77446	40.0	230.4	63.06927	36.0	120.2	36.98585	31.4
7.6302	230.4	215.18521	46.7	225.4	90.15690	39.1	240.4	49.53352	33.9	220.4	38.92882	31.8	115.2	36.61664	31.3
7.6727	220.4	212.85274	46.6	225.4	77.10653	37.7	230.4	44.81321	33.0	445.8	35.57196	31.0	110.2	34.66621	30.8
7.7302	235.4	274.42484	48.8	470.8	58.81513	35.4	240.4	43.77625	32.8	230.4	36.87581	31.3	255.5	29.40918	29.4
7.7796	230.4	217.67277	46.8	225.4	129.70969	42.3	235.4	57.45386	35.2	455.8	40.59833	32.2	460.8	37.54722	31.5
7.8249	235.4	183.74443	45.3	230.4	160.22884	44.1	225.4	85.53259	38.6	245.4	54.78208	34.8	220.4	51.99379	34.3
7.8728	225.4	187.10734	45.4	230.4	144.37673	43.2	220.4	91.19383	39.2	215.4	63.41237	36.0	235.4	63.39670	36.0
7.9251	225.4	207.86072	46.4	220.4	116.17966	41.3	230.4	54.86787	34.8	240.4	50.86513	34.1	215.4	47.59963	33.6
7.9786	225.4	230.26844	47.2	220.4	79.37755	38.0	450.8	45.02651	33.1	215.4	43.21388	32.7	235.4	40.83874	32.2
8.0251	225.4	194.53525	45.8	220.4	100.96739	40.1	215.4	65.15270	36.3	445.8	46.68587	33.4	210.4	46.36186	33.3
8.0726	225.4	156.69232	43.9	230.4	153.41446	43.7	220.4	116.32024	41.3	235.4	95.18517	39.6	215.4	63.54785	36.1
8.1251	220.4	210.23418	46.5	215.4	119.70727	41.6	435.8	56.67364	35.1	225.4	55.40036	34.9	440.8	45.81921	33.2
8.1727	220.4	175.19841	44.9	215.4	101.21965	40.1	225.4	71.95096	37.1	440.8	56.82230	35.1	210.4	38.51115	31.7
8.2251	225.4	139.59182	42.9	220.4	98.01708	39.8	230.4	76.09197	37.6	450.8	44.51447	33.0	210.4	44.13359	32.9
8.2702	225.4	78.15551	37.9	220.4	69.64066	36.9	230.4	66.98225	36.5	215.4	42.09187	32.5	235.4	41.98688	32.5
