# LRA Stimulus Response — Time Series Data
# Source file:    ramp_90to70BPM_8s_210Hz.mp3
# Generated:      2026-07-07 15:03:19
# Duration:       8.000 s
# Accel rate:     1470.5 Hz
# Window size:    200 ms
# Step size:      50 ms
# LRA resonance:  210 Hz
# Rows:           181
#
# To recreate plot in Python:
#   import numpy as np, matplotlib.pyplot as plt
#   data = np.loadtxt('filename.txt', delimiter='	', comments='#')
#   t, rms, freq = data[:,0], data[:,1], data[:,2]
#   fig, (ax1, ax2) = plt.subplots(2,1, sharex=True)
#   ax1.plot(t, rms);  ax1.set_ylabel('RMS Acceleration (g)')
#   ax2.plot(t, freq); ax2.set_ylabel('Dominant Frequency (Hz)')
#   plt.show()
#
# Columns:
# time_s	rms_g	peak_freq_hz
0.0940	0.004430	35.01
0.1487	0.004385	40.01
0.1963	0.004587	40.01
0.2482	0.005010	40.01
0.2942	0.005702	40.01
0.3483	0.005635	35.01
0.3940	0.005768	40.01
0.4439	0.005649	50.02
0.4939	0.005260	35.01
0.5439	0.005515	35.01
0.5954	0.054089	200.07
0.6439	0.942252	195.07
0.6938	1.328785	195.07
0.7405	1.370740	195.07
0.7868	1.371546	195.07
0.8284	1.028095	190.07
0.8777	0.373302	190.07
0.9286	0.078942	205.07
0.9775	0.006567	225.08
1.0285	0.005414	35.01
1.0729	0.005382	35.01
1.1284	0.005279	40.01
1.1685	0.005277	50.02
1.2283	0.005044	35.01
1.2771	0.013623	190.07
1.3270	0.884982	190.07
1.3745	1.300099	195.07
1.4220	1.362381	190.07
1.4686	1.365534	190.07
1.5090	1.080358	190.07
1.5571	0.479386	185.07
1.6086	0.099197	205.07
1.6525	0.007182	220.08
1.7094	0.005099	115.04
1.7586	0.005099	10.00
1.8090	0.004543	30.01
1.8585	0.004564	10.00
1.9059	0.004547	15.01
1.9575	0.005068	40.01
2.0026	0.574433	185.07
2.0510	1.150431	190.07
2.1026	1.342040	190.07
2.1484	1.350437	190.07
2.1884	1.241590	190.07
2.2329	0.759356	190.07
2.2906	0.173759	200.07
2.3286	0.020881	215.08
2.3900	0.005314	55.02
2.4372	0.005351	50.02
2.4886	0.005324	35.01
2.5285	0.005189	35.01
2.5885	0.005155	20.01
2.6379	0.005255	40.01
2.6843	0.005194	50.02
2.7367	0.800069	190.07
2.7868	1.288475	195.07
2.8291	1.371845	195.07
2.8765	1.376422	190.07
2.9226	1.148162	190.07
2.9702	0.546371	185.07
3.0199	0.120452	200.07
3.0685	0.008370	220.08
3.1091	0.004910	35.01
3.1684	0.004582	35.01
3.2134	0.004611	40.01
3.2670	0.004485	40.01
3.3109	0.004645	40.01
3.3626	0.004665	40.01
3.4086	0.004886	40.01
3.4625	0.808004	195.07
3.5084	1.286080	195.07
3.5625	1.374896	190.07
3.6084	1.378763	190.07
3.6484	1.143859	190.07
3.6899	0.556014	190.07
3.7501	0.122141	200.07
3.8000	0.008876	220.08
3.8486	0.005085	10.00
3.8909	0.004810	35.01
3.9484	0.004966	40.01
3.9886	0.005358	40.01
4.0425	0.005971	35.01
4.0950	0.006273	35.01
4.1426	0.006339	35.01
4.1901	0.558559	190.07
4.2425	1.142193	195.07
4.2940	1.353654	195.07
4.3285	1.364926	195.07
4.3825	1.267893	190.07
4.4284	0.801727	190.07
4.4700	0.193017	195.07
4.5284	0.026279	220.08
4.5804	0.005614	20.01
4.6284	0.005417	35.01
4.6765	0.005110	35.01
4.7288	0.004969	35.01
4.7781	0.004792	25.01
4.8283	0.004438	40.01
4.8749	0.004931	25.01
4.9225	0.004773	35.01
4.9723	0.808221	195.07
5.0225	1.269912	195.07
5.0684	1.372198	190.07
5.1117	1.375810	195.07
5.1626	1.154261	190.07
5.2115	0.564420	190.07
5.2605	0.107486	200.07
5.3105	0.008415	220.08
5.3576	0.005477	35.01
5.4085	0.005554	35.01
5.4525	0.005706	40.01
5.5084	0.005014	40.01
5.5489	0.005149	35.01
5.6084	0.005327	35.01
5.6588	0.005265	35.01
5.7040	0.005294	50.02
5.7579	0.731757	190.07
5.8043	1.237153	195.07
5.8484	1.368015	195.07
5.8891	1.374282	195.07
5.9426	1.193630	190.07
5.9884	0.663273	190.07
6.0326	0.141605	200.07
6.0884	0.013720	220.08
6.1286	0.005361	35.01
6.1904	0.005196	35.01
6.2304	0.005060	50.02
6.2893	0.004983	50.02
6.3285	0.004642	50.02
6.3884	0.004560	30.01
6.4385	0.004178	70.02
6.4854	0.004480	35.01
6.5334	0.225980	185.07
6.5830	1.032587	195.07
6.6291	1.349029	195.07
6.6821	1.373595	190.07
6.7274	1.360789	190.07
6.7733	0.956969	190.07
6.8219	0.301408	195.07
6.8683	0.056985	205.07
6.9216	0.006005	35.01
6.9690	0.005148	30.01
7.0165	0.004448	5.00
7.0684	0.004347	65.02
7.1115	0.004200	20.01
7.1683	0.004189	190.07
7.2137	0.004294	5.00
7.2685	0.004405	55.02
7.3100	0.004474	55.02
7.3625	0.300358	190.07
7.4083	1.044163	190.07
7.4625	1.341526	190.07
7.5083	1.364238	190.07
7.5485	1.341380	190.07
7.6027	0.916525	190.07
7.6484	0.271948	195.07
7.7019	0.057164	205.07
7.7509	0.006160	35.01
7.8007	0.005432	35.01
7.8484	0.005490	35.01
7.8913	0.005157	55.02
7.9484	0.005329	35.01
7.9999	0.005835	35.01
8.0489	0.005578	35.01
8.0961	0.005490	35.01
8.1484	0.005286	40.01
8.1906	0.004729	60.02
8.2426	0.004615	30.01
8.2940	0.004664	35.01
8.3438	0.004322	50.02
8.3920	0.004459	15.01
8.4425	0.004791	15.01
8.4918	0.005071	80.03
8.5426	0.005383	30.01
8.5883	0.004995	30.01
8.6425	0.004815	30.01
8.6905	0.004552	200.07
8.7442	0.004545	50.02
8.7938	0.004472	60.02
8.8438	0.004672	20.01
8.8883	0.004582	20.01
