# LRA Stimulus Response — Time Series Data
# Source file:      ramp_90to60BPM_8s_210Hz.mp3
# Generated:        2026-07-13 15:48:01
# Stimulus duration:8.000 s
# Analysis window:  0.445s to 8.661s (clipped 0.4s at start, 0.8s+ at end,
#                    plus automatic trim of any trailing cutoff-ring artifact)
# Accel sample rate: 1594.7-1753.7 Hz (range across windows; 1677.6 Hz overall for this recording)
#                    peak_freq_hz below uses EACH WINDOW'S OWN rate (spread: 159.0 Hz) for maximum accuracy per instant
# FFT window size:  200 ms (335 samples)
# FFT step size:    50 ms
# FFT freq resolution: ~5.01 Hz per bin (at overall rate)
# LRA resonance:    210 Hz (free-air, characterized separately)
# Rows:             167
#
# To recreate plot in Python:
#   import numpy as np, matplotlib.pyplot as plt
#   data = np.loadtxt('filename.txt', delimiter='	', comments='#')
#   t, rms, freq = data[:,0], data[:,1], data[:,2]
#   fig, (ax1, ax2) = plt.subplots(2,1, sharex=True)
#   ax1.plot(t, rms);  ax1.set_ylabel('RMS Acceleration (g)')
#   ax2.plot(t, freq); ax2.set_ylabel('Dominant Frequency (Hz)')
#   plt.show()
#
# Columns:
# time_s	rms_g	peak_freq_hz
0.4447	0.005044	40.41
0.4933	0.004997	25.63
0.5398	0.004718	45.74
0.5898	0.004536	76.11
0.6399	0.004706	49.85
0.6898	0.004684	49.85
0.7398	0.005031	49.85
0.7898	0.005121	49.81
0.8399	0.519367	214.25
0.8890	1.084106	219.34
0.9366	1.219255	211.14
0.9898	1.223510	214.41
1.0399	1.124569	214.33
1.0883	0.596444	219.87
1.1366	0.116014	197.53
1.1803	0.013986	219.18
1.2302	0.005496	25.77
1.2804	0.005537	24.32
1.3300	0.005340	34.39
1.3843	0.005535	34.97
1.4332	0.005091	44.91
1.4799	0.005209	40.57
1.5298	0.456710	212.10
1.5799	1.049068	219.05
1.6306	1.217953	214.36
1.6802	1.225361	214.36
1.7298	1.152700	215.14
1.7799	0.658404	209.65
1.8299	0.145486	199.46
1.8799	0.020303	209.27
1.9298	0.005165	35.07
1.9765	0.005096	40.52
2.0283	0.005251	41.73
2.0768	0.005316	39.85
2.1204	0.005218	39.33
2.1767	0.005161	65.65
2.2198	0.006579	24.68
2.2742	0.819021	212.08
2.3223	1.196832	209.45
2.3701	1.244642	216.49
2.4282	1.245865	216.26
2.4735	0.961421	211.88
2.5241	0.377450	222.78
2.5724	0.062061	202.80
2.6207	0.006722	229.10
2.6702	0.004446	25.25
2.7200	0.004776	10.01
2.7699	0.004861	139.54
2.8199	0.005130	69.79
2.8702	0.005367	25.05
2.9168	0.005122	25.33
2.9683	0.006299	41.20
3.0167	0.827751	216.40
3.0628	1.210505	217.25
3.1190	1.258399	215.00
3.1698	1.259483	212.96
3.2206	0.972814	215.44
3.2683	0.376790	211.42
3.3164	0.056141	199.34
3.3631	0.006124	217.50
3.4121	0.004282	61.08
3.4598	0.004661	40.55
3.5123	0.004783	39.40
3.5598	0.004747	113.41
3.6122	0.005414	39.88
3.6620	0.005222	39.87
3.7123	0.005319	35.25
3.7598	0.422619	216.54
3.8102	1.048113	215.57
3.8600	1.240664	213.49
3.9133	1.249930	214.80
3.9607	1.184553	214.58
4.0098	0.708451	212.03
4.0598	0.167981	200.29
4.1098	0.020309	215.38
4.1567	0.005106	35.10
4.2089	0.004620	45.30
4.2566	0.004625	39.87
4.3068	0.004819	39.87
4.3567	0.004753	41.20
4.3999	0.004700	31.00
4.4502	0.004862	40.55
4.4998	0.004894	39.90
4.5502	0.234604	191.14
4.5998	0.982662	218.12
4.6498	1.236792	212.48
4.7010	1.253039	219.07
4.7567	1.242218	219.34
4.8000	0.801238	215.35
4.8498	0.217404	201.27
4.9000	0.027603	208.88
4.9499	0.005844	34.84
5.0003	0.005257	25.35
5.0496	0.005490	25.06
5.0967	0.005775	39.88
5.1483	0.005377	26.14
5.1973	0.005426	34.90
5.2398	0.005100	35.55
5.2902	0.005005	30.41
5.3400	0.004846	24.89
5.3934	0.399541	210.74
5.4400	1.026754	218.34
5.4937	1.216668	215.40
5.5410	1.224655	219.34
5.5971	1.175907	222.25
5.6400	0.700400	215.36
5.6898	0.158869	197.95
5.7400	0.018691	208.38
5.7902	0.004923	189.26
5.8410	0.004795	144.57
5.8900	0.004501	29.90
5.9400	0.004326	30.06
5.9903	0.004408	30.10
6.0366	0.004330	30.43
6.0887	0.004405	15.03
6.1366	0.004674	24.92
6.1878	0.004561	25.52
6.2367	0.004599	25.70
6.2835	0.700431	214.24
6.3306	1.157377	217.78
6.3801	1.253266	209.53
6.4366	1.255481	209.52
6.4876	1.064468	210.60
6.5352	0.502729	210.69
6.5837	0.085517	203.50
6.6306	0.010398	209.70
6.6801	0.005716	40.62
6.7299	0.005284	39.96
6.7801	0.005076	39.89
6.8302	0.005308	34.84
6.8801	0.005409	34.90
6.9302	0.005424	29.94
6.9801	0.005377	40.58
7.0293	0.005211	39.99
7.0766	0.005067	84.75
7.1235	0.004877	29.89
7.1766	0.148167	195.74
7.2202	0.949950	213.56
7.2702	1.209109	211.51
7.3201	1.229592	208.05
7.3792	1.225761	211.14
7.4263	0.801718	208.78
7.4732	0.250351	211.14
7.5207	0.032587	215.46
7.5702	0.005888	45.63
7.6201	0.005454	45.00
7.6699	0.005475	44.86
7.7201	0.005144	34.91
7.7702	0.004991	49.66
7.8200	0.004948	49.83
7.8707	0.004937	49.86
7.9201	0.004960	40.54
7.9691	0.004581	85.48
8.0167	0.004319	25.10
8.0682	0.004884	26.04
8.1167	0.004883	24.93
8.1601	0.005162	24.17
8.2142	0.005461	35.34
8.2653	0.004879	34.85
8.3142	0.004993	34.90
8.3603	0.005102	25.60
8.4102	0.004890	30.53
8.4601	0.004996	24.95
8.5102	0.005015	9.90
8.5601	0.004885	24.86
8.6115	0.004778	25.10
8.6607	0.005164	25.36
