# LRA Top-5 Frequency Peaks — Condensed Summary
# Source file: rissettrhythm.mp3
# Generated:   2026-07-13 15:48:44
# Accel sample rate: 1644.1-1812.7 Hz per-window range (1710.8 Hz overall)
# Freq resolution:   5.00 Hz per bin (peaks below are quantized to this common grid;
#                    each window measured at its own real rate, then
#                    resampled here for cross-window comparability)
# Rows:        160
#
# For each time window, the top 5 frequency peaks by magnitude,
# sorted strongest first. Each peak is reported in BOTH units:
#   peakN_g  = linear amplitude in g (true physical intensity)
#   peakN_db = 20*log10(g) (compressed range — easier to compare
#              strong vs weak components, e.g. Shepard octave partners)
#
# NOTE: adjacent bins around one physical tone can both appear as
# separate 'peaks' — treat peaks within 1-2 bins of each other as
# the same component.
#
time_s	peak1_hz	peak1_g	peak1_db	peak2_hz	peak2_g	peak2_db	peak3_hz	peak3_g	peak3_db	peak4_hz	peak4_g	peak4_db	peak5_hz	peak5_g	peak5_db
0.4001	260.1	27.85269	28.9	265.1	27.51740	28.8	255.1	27.23548	28.7	270.1	26.68922	28.5	250.1	25.84656	28.2
0.4550	185.1	60.30189	35.6	190.1	57.79140	35.2	180.1	48.22857	33.7	195.1	45.09380	33.1	270.1	39.16759	31.9
0.5074	180.1	73.78196	37.4	185.1	60.82291	35.7	135.1	52.10421	34.3	130.1	50.68527	34.1	195.1	47.69877	33.6
0.5548	185.1	86.49793	38.7	190.1	68.26585	36.7	205.1	59.16360	35.4	135.1	55.58896	34.9	140.1	50.60961	34.1
0.6072	195.1	74.96167	37.5	190.1	72.20128	37.2	165.1	54.70804	34.8	210.1	54.66299	34.8	215.1	51.57520	34.2
0.6548	180.1	49.57510	33.9	185.1	49.01415	33.8	160.1	45.83621	33.2	190.1	45.55969	33.2	140.1	41.56646	32.4
0.6999	180.1	50.44261	34.1	150.1	43.46665	32.8	165.1	41.77581	32.4	200.1	38.92658	31.8	205.1	33.31262	30.5
0.7503	150.1	39.44886	31.9	200.1	39.21058	31.9	195.1	29.11926	29.3	180.1	25.72915	28.2	185.1	24.07536	27.6
0.8003	200.1	33.67622	30.5	150.1	29.58452	29.4	195.1	28.77113	29.2	145.1	22.30556	27.0	175.1	18.95848	25.6
0.8488	205.1	41.25292	32.3	155.1	28.63137	29.1	150.1	25.73291	28.2	220.1	21.04532	26.5	255.1	20.38198	26.2
0.8949	215.1	46.52213	33.4	240.1	45.41036	33.1	255.1	43.54617	32.8	245.1	43.41182	32.8	260.1	41.06082	32.3
0.9400	245.1	57.80485	35.2	250.1	51.22192	34.2	240.1	47.32063	33.5	255.1	44.82715	33.0	220.1	39.41707	31.9
0.9949	240.1	58.24865	35.3	235.1	55.68485	34.9	205.1	53.25548	34.5	245.1	52.40425	34.4	195.1	50.88111	34.1
1.0400	240.1	66.05642	36.4	180.1	62.38536	35.9	205.1	58.60804	35.4	245.1	53.25483	34.5	235.1	51.83541	34.3
1.0949	140.1	55.34779	34.9	180.1	52.42695	34.4	135.1	44.50749	33.0	195.1	40.17367	32.1	150.1	39.88273	32.0
1.1400	140.1	54.23912	34.7	135.1	45.85932	33.2	180.1	45.63193	33.2	205.1	44.63527	33.0	175.1	37.34207	31.4
1.1949	135.1	59.31920	35.5	185.1	48.47591	33.7	190.1	46.14296	33.3	140.1	45.40958	33.1	180.1	35.50987	31.0
1.2400	195.1	40.81192	32.2	180.1	35.59813	31.0	175.1	32.33011	30.2	170.1	31.96164	30.1	220.1	30.40005	29.7
1.2949	180.1	43.69568	32.8	150.1	43.31003	32.7	160.1	41.54449	32.4	155.1	40.36969	32.1	185.1	40.17550	32.1
1.3443	180.1	65.30392	36.3	200.1	55.89754	34.9	245.1	50.64171	34.1	185.1	46.27104	33.3	205.1	45.05253	33.1
1.3899	180.1	73.62647	37.3	150.1	53.93288	34.6	170.1	53.65120	34.6	140.1	48.45439	33.7	200.1	46.14910	33.3
1.4431	145.1	62.89771	36.0	180.1	56.09602	35.0	185.1	53.32007	34.5	190.1	47.29582	33.5	255.1	46.04581	33.3
1.4949	175.1	71.64936	37.1	135.1	60.13200	35.6	235.1	50.51652	34.1	140.1	47.59239	33.6	170.1	45.97011	33.2
1.5399	190.1	50.79557	34.1	140.1	50.05430	34.0	230.1	48.59502	33.7	215.1	45.55560	33.2	200.1	45.27283	33.1
1.5949	205.1	47.33915	33.5	180.1	45.30734	33.1	185.1	41.36714	32.3	105.0	39.86522	32.0	200.1	39.21612	31.9
1.6465	205.1	53.57286	34.6	180.1	48.00415	33.6	185.1	40.16995	32.1	200.1	36.56199	31.3	145.1	35.44944	31.0
1.6969	190.1	46.85059	33.4	215.1	45.57507	33.2	205.1	43.10364	32.7	210.1	38.12364	31.6	185.1	36.67013	31.3
1.7436	210.1	27.67832	28.8	150.1	27.54414	28.8	265.1	25.55576	28.1	100.0	25.15573	28.0	195.1	24.26213	27.7
1.7910	245.1	48.68176	33.7	240.1	48.06188	33.6	235.1	47.77382	33.6	215.1	42.94808	32.7	275.1	41.47072	32.4
1.8405	240.1	57.50899	35.2	235.1	50.12786	34.0	275.1	43.55858	32.8	215.1	41.83220	32.4	245.1	41.03542	32.3
1.8901	200.1	67.26289	36.6	235.1	59.53186	35.5	230.1	56.45371	35.0	210.1	53.14246	34.5	185.1	49.81357	33.9
1.9400	200.1	85.00783	38.6	185.1	56.30413	35.0	145.1	55.28530	34.9	140.1	55.17720	34.8	235.1	50.54703	34.1
1.9949	140.1	72.87040	37.3	145.1	61.63555	35.8	195.1	53.55286	34.6	180.1	50.19192	34.0	185.1	43.90115	32.8
2.0443	145.1	78.04319	37.8	150.1	51.80892	34.3	200.1	51.21038	34.2	140.1	49.52752	33.9	205.1	37.91561	31.6
2.0949	150.1	65.73020	36.4	145.1	55.43722	34.9	155.1	42.17278	32.5	170.1	38.37589	31.7	175.1	32.21416	30.2
2.1401	185.1	37.24320	31.4	180.1	25.72253	28.2	140.1	25.12604	28.0	135.1	24.68608	27.8	215.1	24.10029	27.6
2.1899	185.1	30.28308	29.6	180.1	26.45453	28.5	190.1	21.53854	26.7	245.1	17.90949	25.1	250.1	17.37960	24.8
2.2399	190.1	51.05141	34.2	195.1	45.81581	33.2	145.1	41.79410	32.4	140.1	39.20623	31.9	175.1	35.97813	31.1
2.2900	190.1	65.76044	36.4	195.1	55.51326	34.9	140.1	55.41987	34.9	185.1	48.84293	33.8	225.1	43.27289	32.7
2.3427	195.1	89.28781	39.0	145.1	73.22610	37.3	190.1	57.60813	35.2	215.1	48.60398	33.7	175.1	47.52700	33.5
2.3948	190.1	98.29059	39.9	140.1	77.21187	37.8	185.1	57.72021	35.2	195.1	57.21038	35.1	170.1	53.72730	34.6
2.4400	195.1	63.71392	36.1	190.1	58.75886	35.4	180.1	51.87041	34.3	145.1	45.25482	33.1	150.1	44.28126	32.9
2.4948	190.1	76.07288	37.6	160.1	48.77855	33.8	105.0	46.10973	33.3	145.1	42.52550	32.6	210.1	39.83781	32.0
2.5400	155.1	48.61356	33.7	205.1	45.83168	33.2	105.0	35.80237	31.1	210.1	29.21622	29.3	200.1	27.94247	28.9
2.5900	210.1	36.46123	31.2	155.1	34.88902	30.9	205.1	27.31867	28.7	105.0	21.84047	26.8	160.1	18.73943	25.5
2.6401	205.1	40.61098	32.2	210.1	37.44135	31.5	155.1	24.66796	27.8	160.1	21.82407	26.8	175.1	20.05329	26.0
2.6873	220.1	52.74157	34.4	215.1	41.19865	32.3	225.1	40.00981	32.0	245.1	36.57056	31.3	240.1	34.22476	30.7
2.7378	245.1	48.90686	33.8	215.1	48.09984	33.6	250.1	47.36325	33.5	220.1	43.77341	32.8	225.1	38.63636	31.7
2.7870	185.1	53.61041	34.6	240.1	52.58636	34.4	210.1	50.65526	34.1	200.1	49.48831	33.9	190.1	46.37581	33.3
2.8356	190.1	55.92245	35.0	210.1	52.95092	34.5	150.1	51.58682	34.3	250.1	50.72857	34.1	185.1	50.50735	34.1
2.8873	150.1	67.11984	36.5	190.1	51.33309	34.2	195.1	49.13283	33.8	160.1	44.23104	32.9	220.1	40.28026	32.1
2.9348	150.1	60.05908	35.6	195.1	47.53003	33.5	185.1	44.90957	33.0	190.1	41.18805	32.3	155.1	39.34433	31.9
2.9799	145.1	57.91929	35.3	150.1	55.40497	34.9	185.1	48.32885	33.7	190.1	37.75630	31.5	215.1	35.70424	31.1
3.0299	195.1	38.57014	31.7	190.1	37.36528	31.4	140.1	28.71660	29.2	145.1	28.65164	29.1	180.1	27.47516	28.8
3.0800	190.1	45.24102	33.1	180.1	43.23186	32.7	215.1	43.04715	32.7	160.1	39.10024	31.8	205.1	35.58855	31.0
3.1329	185.1	91.25615	39.2	190.1	63.36355	36.0	180.1	54.99105	34.8	175.1	49.65573	33.9	210.1	49.51168	33.9
3.1809	180.1	82.68761	38.3	185.1	62.82184	36.0	145.1	55.15098	34.8	255.1	52.86310	34.5	140.1	51.95596	34.3
3.2354	180.1	95.17753	39.6	185.1	63.04187	36.0	145.1	59.50057	35.5	140.1	53.28202	34.5	190.1	49.93061	34.0
3.2871	180.1	73.73074	37.4	145.1	64.89528	36.2	185.1	58.84202	35.4	190.1	40.30238	32.1	140.1	39.11443	31.8
3.3380	185.1	55.81407	34.9	150.1	54.23359	34.7	190.1	43.55884	32.8	215.1	42.01290	32.5	255.1	41.25018	32.3
3.3856	195.1	42.54941	32.6	185.1	40.96885	32.2	210.1	40.58264	32.2	155.1	40.32698	32.1	190.1	36.92104	31.3
3.4355	195.1	42.68548	32.6	215.1	40.97080	32.2	200.1	40.61057	32.2	155.1	38.57027	31.7	210.1	37.50559	31.5
3.4805	200.1	55.03858	34.8	215.1	49.32147	33.9	190.1	41.51252	32.4	160.1	34.03141	30.6	220.1	33.11599	30.4
3.5300	250.1	54.06851	34.7	245.1	52.04449	34.3	240.1	41.78229	32.4	260.1	37.00562	31.4	290.1	36.08485	31.1
3.5749	245.1	71.02347	37.0	240.1	55.43772	34.9	250.1	52.18894	34.4	215.1	37.34664	31.4	220.1	37.00199	31.4
3.6299	245.1	63.11380	36.0	250.1	62.53051	35.9	240.1	62.46984	35.9	215.1	52.72332	34.4	210.1	39.67671	32.0
3.6800	240.1	68.40466	36.7	235.1	58.29072	35.3	230.1	57.53846	35.2	205.1	53.06681	34.5	190.1	45.75630	33.2
3.7300	150.1	62.08172	35.9	145.1	61.18328	35.7	210.1	60.39782	35.6	195.1	53.61994	34.6	215.1	40.17530	32.1
3.7820	145.1	60.02876	35.6	150.1	59.39659	35.5	195.1	43.41177	32.8	205.1	40.17420	32.1	215.1	38.88473	31.8
3.8301	150.1	60.87362	35.7	145.1	46.06568	33.3	155.1	45.20218	33.1	195.1	35.09627	30.9	210.1	34.43791	30.7
3.8799	155.1	37.63082	31.5	185.1	33.55323	30.5	165.1	31.80356	30.0	160.1	29.83155	29.5	140.1	29.07396	29.3
3.9271	185.1	20.54520	26.3	180.1	18.17968	25.2	175.1	17.70576	25.0	190.1	17.07418	24.6	205.1	16.92592	24.6
3.9749	200.1	41.94142	32.5	215.1	40.58526	32.2	245.1	40.03944	32.0	240.1	38.38165	31.7	220.1	34.46968	30.7
4.0271	205.1	55.73510	34.9	200.1	54.22586	34.7	225.1	48.03177	33.6	150.1	45.74855	33.2	145.1	43.11905	32.7
4.0748	195.1	90.59725	39.1	145.1	68.81372	36.8	200.1	61.83368	35.8	220.1	44.67353	33.0	170.1	43.08313	32.7
4.1285	200.1	76.45331	37.7	195.1	68.54783	36.7	185.1	61.94851	35.8	145.1	56.28594	35.0	150.1	54.67134	34.8
4.1800	200.1	79.45756	38.0	185.1	58.22989	35.3	150.1	53.69793	34.6	190.1	48.75773	33.8	195.1	45.34195	33.1
4.2304	195.1	53.05089	34.5	200.1	47.82241	33.6	210.1	47.25510	33.5	205.1	42.27324	32.5	165.1	41.05104	32.3
4.2749	170.1	38.61649	31.7	165.1	37.94879	31.6	205.1	31.26070	29.9	200.1	28.46054	29.1	110.1	26.95839	28.6
4.3201	165.1	35.21582	30.9	170.1	27.31994	28.7	220.1	24.67726	27.8	110.1	23.72886	27.5	160.1	21.80059	26.8
4.3703	170.1	30.79560	29.8	165.1	28.88991	29.2	160.1	27.66221	28.8	180.1	24.62577	27.8	250.1	24.61103	27.8
4.4204	250.1	40.87653	32.2	220.1	37.85707	31.6	215.1	37.01278	31.4	245.1	33.76255	30.6	230.1	32.82093	30.3
4.4700	255.1	44.54081	33.0	225.1	35.61474	31.0	250.1	35.49163	31.0	220.1	34.64987	30.8	230.1	33.93012	30.6
4.5205	190.1	57.02743	35.1	220.1	53.88607	34.6	165.1	52.54154	34.4	250.1	47.88084	33.6	230.1	44.67754	33.0
4.5670	190.1	58.56740	35.4	210.1	48.64829	33.7	195.1	47.20701	33.5	245.1	44.59008	33.0	150.1	43.53230	32.8
4.6200	195.1	61.38126	35.8	200.1	51.95355	34.3	155.1	51.68860	34.3	220.1	37.72113	31.5	205.1	35.39555	31.0
4.6699	195.1	51.66357	34.3	155.1	45.90536	33.2	160.1	43.58878	32.8	165.1	43.35186	32.7	200.1	37.98229	31.6
4.7147	190.1	39.88779	32.0	150.1	39.38067	31.9	155.1	36.38412	31.2	195.1	30.52529	29.7	210.1	26.59653	28.5
4.7620	170.1	46.97368	33.4	155.1	43.37264	32.7	165.1	42.88855	32.6	205.1	39.69050	32.0	200.1	35.06819	30.9
4.8148	165.1	69.36287	36.8	195.1	61.67680	35.8	185.1	58.14729	35.3	190.1	43.49925	32.8	160.1	40.86888	32.2
4.8600	190.1	88.59688	38.9	155.1	69.60446	36.9	150.1	58.45760	35.3	160.1	58.41186	35.3	145.1	53.99402	34.6
4.9149	160.1	81.55582	38.2	195.1	75.52924	37.6	200.1	56.00183	35.0	155.1	50.92879	34.1	130.1	49.60506	33.9
4.9673	150.1	72.06221	37.2	190.1	61.37255	35.8	195.1	59.05165	35.4	155.1	49.87811	34.0	255.1	40.09866	32.1
5.0147	200.1	75.40818	37.5	205.1	60.23083	35.6	155.1	51.40553	34.2	115.1	50.53006	34.1	180.1	46.38149	33.3
5.0673	205.1	50.36979	34.0	195.1	44.29578	32.9	150.1	38.61287	31.7	115.1	38.20858	31.6	200.1	36.78892	31.3
5.1148	195.1	48.61557	33.7	200.1	47.19886	33.5	185.1	47.06602	33.5	225.1	40.12454	32.1	210.1	39.94429	32.0
5.1604	205.1	46.87791	33.4	200.1	44.91479	33.0	195.1	41.17575	32.3	190.1	39.93284	32.0	220.1	38.53878	31.7
5.2148	260.1	48.71005	33.8	250.1	48.67290	33.7	245.1	43.29582	32.7	255.1	42.88842	32.6	240.1	37.20177	31.4
5.2600	255.1	53.18399	34.5	250.1	51.75298	34.3	245.1	46.93636	33.4	260.1	40.73714	32.2	240.1	38.75927	31.8
5.3138	255.1	57.10212	35.1	260.1	50.45846	34.1	250.1	49.77968	33.9	230.1	48.61310	33.7	245.1	43.79180	32.8
5.3618	250.1	58.49309	35.3	195.1	55.83558	34.9	255.1	55.67400	34.9	260.1	52.30506	34.4	165.1	41.74899	32.4
5.4119	160.1	70.74232	37.0	155.1	55.19321	34.8	185.1	51.37971	34.2	215.1	48.31596	33.7	165.1	46.67389	33.4
5.4599	160.1	65.87607	36.4	155.1	61.08799	35.7	165.1	46.65180	33.4	205.1	41.05821	32.3	200.1	38.30929	31.7
5.5120	155.1	64.99623	36.3	160.1	63.62137	36.1	190.1	42.66725	32.6	185.1	38.06978	31.6	200.1	36.62329	31.3
5.5604	195.1	37.48159	31.5	150.1	35.27134	30.9	190.1	32.99683	30.4	170.1	32.61473	30.3	160.1	29.52299	29.4
5.6104	195.1	26.07534	28.3	200.1	23.09195	27.3	205.1	17.37209	24.8	185.1	16.77129	24.5	190.1	16.24681	24.2
5.6550	150.1	42.78915	32.6	140.1	40.22397	32.1	145.1	39.66342	32.0	155.1	39.26964	31.9	135.1	35.42670	31.0
5.7066	155.1	62.90650	36.0	210.1	61.63941	35.8	205.1	58.09250	35.3	150.1	56.48368	35.0	160.1	39.84054	32.0
5.7590	210.1	90.92047	39.2	155.1	72.57679	37.2	160.1	66.71286	36.5	205.1	62.22832	35.9	180.1	54.39164	34.7
5.8099	200.1	83.64882	38.4	155.1	72.85580	37.2	150.1	65.96128	36.4	205.1	61.34060	35.8	195.1	54.78083	34.8
5.8549	210.1	76.81221	37.7	215.1	58.57674	35.4	205.1	51.65904	34.3	160.1	48.71566	33.8	185.1	47.13696	33.5
5.9073	210.1	51.21943	34.2	215.1	47.76224	33.6	190.1	42.65638	32.6	205.1	42.02617	32.5	175.1	40.58460	32.2
5.9549	170.1	43.70726	32.8	225.1	35.81162	31.1	230.1	26.49234	28.5	135.1	23.19794	27.3	115.1	22.89340	27.2
5.9999	175.1	40.17188	32.1	235.1	26.39212	28.4	180.1	24.04053	27.6	115.1	20.24495	26.1	230.1	20.07864	26.1
6.0500	235.1	45.26654	33.1	240.1	40.13354	32.1	245.1	39.29746	31.9	250.1	32.34845	30.2	170.1	31.97263	30.1
6.0949	240.1	44.11809	32.9	235.1	39.44301	31.9	245.1	37.34129	31.4	230.1	37.01493	31.4	195.1	31.63228	30.0
6.1508	240.1	47.27722	33.5	200.1	47.08086	33.5	210.1	46.78054	33.4	230.1	40.78843	32.2	245.1	39.32743	31.9
6.2003	195.1	67.55283	36.6	160.1	53.15035	34.5	235.1	47.63642	33.6	230.1	45.34528	33.1	200.1	39.97786	32.0
6.2501	205.1	51.50300	34.2	160.1	44.87795	33.0	210.1	43.09454	32.7	165.1	42.37680	32.5	170.1	37.02224	31.4
6.3004	165.1	46.65497	33.4	160.1	42.86704	32.6	210.1	42.71747	32.6	205.1	42.24625	32.5	170.1	35.88313	31.1
6.3473	205.1	45.01544	33.1	155.1	44.97852	33.1	200.1	40.75207	32.2	210.1	33.56240	30.5	150.1	28.89020	29.2
6.3949	215.1	40.29981	32.1	210.1	38.92826	31.8	175.1	34.97650	30.9	200.1	32.83864	30.3	180.1	32.51621	30.2
6.4468	205.1	65.80088	36.4	175.1	61.76428	35.8	230.1	52.06701	34.3	195.1	50.41185	34.1	180.1	43.66886	32.8
6.4949	205.1	100.83756	40.1	170.1	58.98530	35.4	155.1	53.92713	34.6	180.1	49.38497	33.9	230.1	45.39472	33.1
6.5476	195.1	72.59472	37.2	200.1	65.31919	36.3	160.1	58.21821	35.3	145.1	53.59097	34.6	155.1	51.78634	34.3
6.5949	205.1	78.42639	37.9	160.1	59.78425	35.5	200.1	59.66553	35.5	210.1	57.98915	35.3	165.1	55.09146	34.8
6.6474	205.1	72.22380	37.2	170.1	66.21480	36.4	200.1	62.85530	36.0	115.1	50.01987	34.0	190.1	44.71814	33.0
6.6949	165.1	60.07778	35.6	180.1	53.56171	34.6	195.1	49.58428	33.9	185.1	44.98207	33.1	110.1	41.69090	32.4
6.7474	185.1	58.15617	35.3	200.1	57.22565	35.2	170.1	50.64980	34.1	165.1	44.62864	33.0	210.1	40.42066	32.1
6.7990	185.1	56.79846	35.1	200.1	52.53687	34.4	170.1	46.27942	33.3	165.1	45.15477	33.1	190.1	41.09069	32.3
6.8460	255.1	46.87043	33.4	260.1	46.12394	33.3	265.1	39.16673	31.9	175.1	36.74966	31.3	180.1	33.52255	30.5
6.8939	255.1	45.76305	33.2	195.1	45.03284	33.1	260.1	43.12110	32.7	265.1	41.37839	32.3	250.1	40.20540	32.1
6.9430	270.1	45.94687	33.2	265.1	45.46060	33.2	200.1	43.93017	32.9	260.1	42.54280	32.6	230.1	40.09592	32.1
6.9948	165.1	55.69010	34.9	255.1	48.81055	33.8	260.1	48.04913	33.6	160.1	47.17278	33.5	190.1	43.53296	32.8
7.0400	165.1	64.55081	36.2	170.1	60.87810	35.7	160.1	48.31690	33.7	190.1	40.46124	32.1	225.1	36.98754	31.4
7.0949	170.1	64.90282	36.2	165.1	62.07607	35.9	160.1	37.23653	31.4	195.1	36.56460	31.3	175.1	35.14819	30.9
7.1404	165.1	61.93773	35.8	170.1	52.54733	34.4	160.1	41.59109	32.4	190.1	39.22497	31.9	175.1	33.94280	30.6
7.1904	155.1	23.91186	27.6	130.1	23.17589	27.3	205.1	21.15785	26.5	165.1	19.18190	25.7	135.1	17.64188	24.9
7.2355	195.1	36.23680	31.2	205.1	34.98866	30.9	180.1	34.52217	30.8	190.1	29.55312	29.4	185.1	28.53059	29.1
7.2873	170.1	58.86550	35.4	165.1	58.09547	35.3	220.1	48.24653	33.7	175.1	44.21291	32.9	255.1	42.48975	32.6
7.3411	160.1	66.82915	36.5	175.1	53.96915	34.6	215.1	52.22517	34.4	225.1	50.59173	34.1	170.1	44.30514	32.9
7.3903	160.1	69.53678	36.8	195.1	58.15762	35.3	200.1	56.89737	35.1	225.1	54.03102	34.7	175.1	51.24920	34.2
7.4400	200.1	62.21348	35.9	180.1	59.43984	35.5	230.1	59.24921	35.5	215.1	54.40282	34.7	205.1	52.99568	34.5
7.4904	205.1	57.84006	35.2	210.1	50.88522	34.1	200.1	47.22933	33.5	195.1	39.09123	31.8	165.1	38.20990	31.6
7.5404	180.1	44.38093	32.9	200.1	37.29785	31.4	195.1	37.17176	31.4	140.1	34.41828	30.7	175.1	32.02786	30.1
7.5873	180.1	42.76260	32.6	185.1	27.40501	28.8	125.1	25.68313	28.2	120.1	25.47176	28.1	240.1	23.96958	27.6
7.6355	180.1	41.13810	32.3	185.1	27.87570	28.9	200.1	27.64986	28.8	260.1	27.53906	28.8	265.1	27.28505	28.7
7.6804	260.1	37.43449	31.5	265.1	33.12931	30.4	255.1	30.62305	29.7	185.1	27.06826	28.6	250.1	26.57903	28.5
7.7304	265.1	39.23683	31.9	255.1	37.72951	31.5	260.1	31.81591	30.1	285.1	28.78157	29.2	245.1	28.55373	29.1
7.7800	205.1	47.76836	33.6	175.1	45.83345	33.2	210.1	45.72407	33.2	245.1	44.79960	33.0	170.1	38.33119	31.7
7.8273	210.1	44.14685	32.9	170.1	43.39770	32.7	165.1	41.71975	32.4	215.1	36.84636	31.3	160.1	32.50037	30.2
7.8804	170.1	49.36207	33.9	210.1	43.11275	32.7	215.1	42.22526	32.5	165.1	39.14787	31.9	220.1	36.28846	31.2
7.9273	205.1	52.41780	34.4	160.1	43.48400	32.8	165.1	40.69533	32.2	210.1	40.51311	32.2	200.1	39.36167	31.9
7.9750	165.1	45.18875	33.1	180.1	39.35827	31.9	185.1	35.53165	31.0	220.1	34.87012	30.8	195.1	33.46018	30.5
8.0233	180.1	59.18678	35.4	215.1	57.48653	35.2	185.1	56.37426	35.0	210.1	49.30054	33.9	165.1	45.37276	33.1
8.0708	210.1	87.59412	38.8	175.1	64.63149	36.2	160.1	62.86866	36.0	165.1	54.12385	34.7	140.1	52.59687	34.4
8.1200	205.1	86.23258	38.7	165.1	64.06916	36.1	170.1	63.09904	36.0	175.1	54.50203	34.7	135.1	50.88079	34.1
8.1749	205.1	70.27776	36.9	160.1	69.87367	36.9	165.1	64.89369	36.2	135.1	52.03409	34.3	140.1	42.92565	32.7
8.2267	135.1	50.79437	34.1	160.1	49.68168	33.9	165.1	47.08556	33.5	205.1	44.18898	32.9	120.1	43.18939	32.7
8.2768	125.1	26.70638	28.5	120.1	25.88546	28.3	160.1	21.62389	26.7	155.1	20.31358	26.2	115.1	18.75382	25.5
