# LRA Top-5 Frequency Peaks — Condensed Summary
# Source file: rissettrhythm reverse.mp3
# Generated:   2026-07-13 15:48:33
# Accel sample rate: 1655.1-1805.4 Hz per-window range (1720.7 Hz overall)
# Freq resolution:   5.00 Hz per bin (peaks below are quantized to this common grid;
#                    each window measured at its own real rate, then
#                    resampled here for cross-window comparability)
# Rows:        158
#
# For each time window, the top 5 frequency peaks by magnitude,
# sorted strongest first. Each peak is reported in BOTH units:
#   peakN_g  = linear amplitude in g (true physical intensity)
#   peakN_db = 20*log10(g) (compressed range — easier to compare
#              strong vs weak components, e.g. Shepard octave partners)
#
# NOTE: adjacent bins around one physical tone can both appear as
# separate 'peaks' — treat peaks within 1-2 bins of each other as
# the same component.
#
time_s	peak1_hz	peak1_g	peak1_db	peak2_hz	peak2_g	peak2_db	peak3_hz	peak3_g	peak3_db	peak4_hz	peak4_g	peak4_db	peak5_hz	peak5_g	peak5_db
0.4007	205.1	70.24560	36.9	165.1	49.48609	33.9	120.1	47.69117	33.6	210.1	47.16285	33.5	115.0	46.43553	33.3
0.4548	170.1	61.56462	35.8	210.1	58.11838	35.3	175.1	53.01934	34.5	120.1	47.66792	33.6	195.1	45.21524	33.1
0.5078	170.1	54.54908	34.7	135.1	54.49686	34.7	205.1	54.13087	34.7	175.1	53.75354	34.6	180.1	49.11887	33.8
0.5597	180.1	67.01268	36.5	215.1	62.98942	36.0	190.1	50.08749	34.0	175.1	47.83827	33.6	170.1	46.34224	33.3
0.6073	215.1	58.66990	35.4	180.1	55.78536	34.9	185.1	54.76528	34.8	190.1	46.94626	33.4	200.1	44.06472	32.9
0.6548	215.1	38.30971	31.7	225.1	34.40758	30.7	205.1	26.44222	28.4	210.1	24.36917	27.7	185.1	20.23491	26.1
0.7073	170.1	35.70818	31.1	215.1	32.32748	30.2	205.1	28.48219	29.1	210.1	28.37217	29.1	160.1	25.03185	28.0
0.7552	170.1	55.59313	34.9	165.1	45.07558	33.1	200.1	33.09585	30.4	210.1	32.92463	30.4	215.1	29.70128	29.5
0.8001	170.1	51.28181	34.2	175.1	40.91180	32.2	165.1	35.97160	31.1	210.1	32.27578	30.2	180.1	31.67312	30.0
0.8552	170.1	49.72249	33.9	165.1	39.41701	31.9	175.1	38.65598	31.7	210.1	34.69864	30.8	240.1	34.40467	30.7
0.9006	170.1	39.21037	31.9	175.1	33.12797	30.4	230.1	30.82511	29.8	185.1	29.43374	29.4	275.1	27.86901	28.9
0.9548	250.1	27.17738	28.7	245.1	26.83244	28.6	285.1	25.72064	28.2	195.1	25.57407	28.2	235.1	24.26505	27.7
1.0023	170.1	38.47911	31.7	190.1	30.47337	29.7	200.1	26.52561	28.5	145.1	25.74527	28.2	210.1	20.86748	26.4
1.0501	175.1	27.96867	28.9	180.1	27.11972	28.7	140.1	27.06656	28.6	195.1	25.19499	28.0	145.1	23.86456	27.6
1.1000	200.1	61.04088	35.7	205.1	42.95426	32.7	190.1	38.34769	31.7	145.1	34.46553	30.7	185.1	29.94538	29.5
1.1501	195.1	63.56777	36.1	200.1	52.85436	34.5	180.1	41.78334	32.4	185.1	38.90326	31.8	140.1	38.26557	31.7
1.1957	195.1	85.38507	38.6	175.1	61.89662	35.8	180.1	59.25153	35.5	170.1	55.63007	34.9	165.1	53.60924	34.6
1.2476	165.1	67.48128	36.6	200.1	67.36249	36.6	205.1	63.03306	36.0	170.1	62.23402	35.9	195.1	60.75069	35.7
1.3003	165.1	68.88572	36.8	160.1	63.21859	36.0	195.1	57.91199	35.3	170.1	57.70174	35.2	200.1	50.83184	34.1
1.3503	165.1	66.63975	36.5	160.1	66.43916	36.4	170.1	59.40871	35.5	200.1	49.16677	33.8	205.1	48.31577	33.7
1.4000	205.1	47.62621	33.6	150.1	40.50693	32.2	210.1	38.58174	31.7	165.1	37.18131	31.4	220.1	34.64714	30.8
1.4473	170.1	35.97622	31.1	165.1	32.47894	30.2	210.1	30.25779	29.6	175.1	27.89621	28.9	145.1	27.72609	28.9
1.4948	160.1	54.26082	34.7	215.1	36.33856	31.2	175.1	33.20592	30.4	165.1	33.12695	30.4	145.1	28.87756	29.2
1.5473	155.1	62.32399	35.9	160.1	52.52061	34.4	170.1	41.04947	32.3	140.1	32.11788	30.1	230.1	31.04950	29.8
1.5948	160.1	62.79904	36.0	155.1	60.08393	35.6	230.1	59.03278	35.4	195.1	47.48163	33.5	170.1	38.94661	31.8
1.6481	160.1	57.96765	35.3	230.1	55.66910	34.9	195.1	47.14279	33.5	155.1	42.54570	32.6	200.1	39.96539	32.0
1.6950	230.1	59.12281	35.4	160.1	43.31949	32.7	195.1	42.55607	32.6	200.1	41.09291	32.3	190.1	37.54732	31.5
1.7476	190.1	59.85067	35.5	205.1	48.41192	33.7	230.1	42.94137	32.7	180.1	41.45826	32.4	210.1	36.72393	31.3
1.7948	210.1	55.07930	34.8	205.1	53.46400	34.6	190.1	49.46051	33.9	200.1	47.36931	33.5	180.1	43.10105	32.7
1.8473	190.1	55.34890	34.9	205.1	49.76606	33.9	210.1	47.81890	33.6	200.1	47.31912	33.5	170.1	45.81049	33.2
1.8949	195.1	69.77907	36.9	205.1	62.90597	36.0	185.1	61.83069	35.8	165.1	51.97000	34.3	225.1	36.76391	31.3
1.9501	205.1	59.74262	35.5	195.1	58.48513	35.3	210.1	47.89463	33.6	190.1	47.15081	33.5	215.1	46.91665	33.4
2.0001	210.1	59.46116	35.5	155.1	56.56984	35.1	120.1	51.77968	34.3	200.1	51.44075	34.2	115.0	48.09315	33.6
2.0501	200.1	73.94567	37.4	170.1	60.65534	35.7	175.1	58.86470	35.4	155.1	55.09015	34.8	210.1	47.75253	33.6
2.1001	175.1	63.05394	36.0	155.1	54.24006	34.7	205.1	53.95520	34.6	170.1	52.69405	34.4	180.1	44.96979	33.1
2.1547	175.1	60.61986	35.7	170.1	56.88856	35.1	185.1	51.49578	34.2	200.1	51.38457	34.2	165.1	51.06704	34.2
2.2017	205.1	45.69019	33.2	185.1	45.41117	33.1	175.1	41.90592	32.4	190.1	37.04257	31.4	180.1	35.64138	31.0
2.2503	205.1	32.38471	30.2	195.1	30.90344	29.8	200.1	28.92881	29.2	175.1	24.80667	27.9	190.1	24.72107	27.9
2.2964	205.1	40.11044	32.1	195.1	38.96761	31.8	175.1	29.69848	29.5	160.1	29.37097	29.4	155.1	21.16763	26.5
2.3473	160.1	48.60901	33.7	165.1	39.43847	31.9	200.1	33.76455	30.6	155.1	32.29841	30.2	205.1	24.67689	27.8
2.3950	270.1	44.40112	32.9	160.1	43.66825	32.8	155.1	43.30434	32.7	230.1	38.47594	31.7	265.1	36.24056	31.2
2.4473	160.1	47.81672	33.6	155.1	43.90503	32.9	265.1	43.34217	32.7	225.1	42.81487	32.6	270.1	39.69990	32.0
2.4949	225.1	45.71587	33.2	265.1	44.90164	33.0	270.1	38.26519	31.7	170.1	36.90516	31.3	260.1	32.38137	30.2
2.5477	275.1	35.97793	31.1	230.1	34.76863	30.8	270.1	29.29664	29.3	200.1	28.28318	29.0	240.1	27.76535	28.9
2.5954	200.1	31.33029	29.9	170.1	31.30320	29.9	190.1	26.84138	28.6	205.1	26.55043	28.5	210.1	23.48953	27.4
2.6430	170.1	42.18380	32.5	175.1	36.79010	31.3	195.1	32.83383	30.3	190.1	29.97892	29.5	165.1	26.58822	28.5
2.6949	190.1	55.19952	34.8	175.1	52.77550	34.4	185.1	45.29322	33.1	170.1	33.71524	30.6	200.1	27.92602	28.9
2.7403	170.1	54.54708	34.7	190.1	50.66419	34.1	185.1	46.08822	33.3	175.1	41.81249	32.4	195.1	35.12910	30.9
2.7901	170.1	82.36911	38.3	165.1	64.81600	36.2	190.1	60.27127	35.6	185.1	50.28377	34.0	160.1	50.09679	34.0
2.8401	165.1	65.14857	36.3	150.1	59.84016	35.5	155.1	59.56632	35.5	180.1	55.54528	34.9	160.1	54.03982	34.7
2.8947	155.1	60.92134	35.7	160.1	58.14729	35.3	165.1	55.82068	34.9	150.1	53.39780	34.6	205.1	51.45096	34.2
2.9473	160.1	65.41638	36.3	155.1	63.22459	36.0	165.1	50.39168	34.0	200.1	49.70104	33.9	195.1	43.62350	32.8
2.9947	210.1	51.16305	34.2	215.1	36.84704	31.3	205.1	36.68185	31.3	190.1	36.67530	31.3	145.1	35.67400	31.0
3.0408	170.1	40.95131	32.2	140.1	28.49523	29.1	135.1	26.94900	28.6	190.1	26.32732	28.4	180.1	25.69264	28.2
3.0901	155.1	39.27508	31.9	170.1	39.18997	31.9	160.1	28.60616	29.1	145.1	27.98257	28.9	150.1	24.76500	27.9
3.1401	155.1	63.15935	36.0	205.1	44.06075	32.9	165.1	41.72660	32.4	160.1	35.43967	31.0	170.1	34.02221	30.6
3.1901	150.1	52.44028	34.4	160.1	47.12186	33.5	155.1	46.54071	33.4	225.1	36.06353	31.1	165.1	35.90319	31.1
3.2350	150.1	53.09292	34.5	195.1	45.66592	33.2	190.1	44.85225	33.0	225.1	43.00630	32.7	210.1	41.26920	32.3
3.2901	200.1	51.66057	34.3	190.1	45.37464	33.1	155.1	43.79572	32.8	255.1	41.91216	32.4	225.1	40.29131	32.1
3.3401	200.1	50.83057	34.1	205.1	46.26293	33.3	225.1	45.95722	33.2	255.1	43.66338	32.8	195.1	42.61502	32.6
3.3901	205.1	47.14138	33.5	185.1	43.55303	32.8	200.1	40.82144	32.2	240.1	35.34093	31.0	160.1	33.36174	30.5
3.4401	205.1	63.88600	36.1	190.1	59.94505	35.6	185.1	47.86504	33.6	210.1	47.19343	33.5	200.1	39.90892	32.0
3.4873	195.1	56.23575	35.0	190.1	54.05637	34.7	200.1	48.82536	33.8	205.1	42.70005	32.6	185.1	39.35157	31.9
3.5401	195.1	61.20594	35.7	200.1	48.53117	33.7	210.1	45.73198	33.2	160.1	42.00111	32.5	265.1	41.63054	32.4
3.5876	190.1	76.97077	37.7	195.1	56.59141	35.1	205.1	51.18480	34.2	260.1	39.56291	31.9	110.0	39.06500	31.8
3.6355	155.1	56.43597	35.0	195.1	50.27760	34.0	190.1	44.63979	33.0	150.1	43.76312	32.8	160.1	42.81904	32.6
3.6873	195.1	76.10643	37.6	190.1	58.29649	35.3	160.1	48.30126	33.7	150.1	43.81459	32.8	155.1	40.59512	32.2
3.7401	195.1	81.81703	38.3	190.1	56.12877	35.0	165.1	48.24514	33.7	155.1	46.50629	33.4	145.1	39.65505	32.0
3.7901	190.1	62.07861	35.9	145.1	56.73708	35.1	195.1	53.69898	34.6	165.1	52.60575	34.4	140.1	52.28529	34.4
3.8350	195.1	44.94815	33.1	205.1	40.55924	32.2	170.1	39.97245	32.0	190.1	35.03055	30.9	165.1	32.12346	30.1
3.8873	195.1	35.27403	30.9	255.1	26.01269	28.3	200.1	25.89574	28.3	205.1	25.25274	28.0	210.1	24.93797	27.9
3.9355	195.1	38.25439	31.7	190.1	35.56495	31.0	145.1	29.17402	29.3	185.1	28.90852	29.2	200.1	25.44809	28.1
3.9826	150.1	47.21489	33.5	155.1	42.43536	32.6	185.1	36.13226	31.2	190.1	33.47526	30.5	160.1	29.67102	29.4
4.0351	150.1	55.14122	34.8	185.1	36.95866	31.4	145.1	34.48823	30.8	230.1	34.06535	30.6	245.1	33.39771	30.5
4.0839	150.1	43.24176	32.7	155.1	41.81938	32.4	230.1	34.56265	30.8	235.1	32.37972	30.2	205.1	30.94333	29.8
4.1350	230.1	40.84784	32.2	200.1	36.68478	31.3	165.1	36.54478	31.3	260.1	33.17253	30.4	190.1	31.02400	29.8
4.1801	200.1	38.41251	31.7	230.1	33.47095	30.5	240.1	27.73588	28.9	225.1	26.04822	28.3	245.1	25.67136	28.2
4.2333	200.1	35.76991	31.1	205.1	29.97722	29.5	195.1	29.84948	29.5	160.1	22.90646	27.2	190.1	22.89591	27.2
4.2817	175.1	27.95617	28.9	160.1	27.22319	28.7	165.1	25.57124	28.2	180.1	25.35308	28.1	195.1	24.90224	27.9
4.3301	165.1	40.83814	32.2	180.1	35.04857	30.9	130.1	26.61629	28.5	240.1	24.26901	27.7	220.1	23.03561	27.2
4.3801	185.1	38.68026	31.7	195.1	37.42534	31.5	190.1	35.51554	31.0	180.1	33.22169	30.4	130.1	30.04753	29.6
4.4273	185.1	58.36210	35.3	190.1	45.70975	33.2	230.1	45.11714	33.1	180.1	41.10185	32.3	175.1	33.61154	30.5
4.4748	155.1	67.03738	36.5	185.1	59.20192	35.4	180.1	57.95862	35.3	150.1	57.61896	35.2	160.1	56.28388	35.0
4.5302	180.1	65.71317	36.4	150.1	65.56415	36.3	195.1	60.91312	35.7	155.1	56.15137	35.0	185.1	54.08880	34.7
4.5817	150.1	67.31875	36.6	180.1	63.12996	36.0	145.1	57.20398	35.1	195.1	55.06547	34.8	185.1	54.79532	34.8
4.6300	155.1	60.83910	35.7	195.1	59.43034	35.5	150.1	57.55708	35.2	190.1	53.90774	34.6	145.1	44.78678	33.0
4.6801	200.1	43.56726	32.8	195.1	38.88987	31.8	185.1	34.05505	30.6	180.1	31.97794	30.1	135.1	26.18690	28.4
4.7302	155.1	39.41134	31.9	195.1	34.30730	30.7	190.1	31.06276	29.8	180.1	28.23293	29.0	130.1	26.92313	28.6
4.7813	150.1	45.18639	33.1	200.1	38.45642	31.7	145.1	35.30954	31.0	165.1	29.84430	29.5	195.1	29.45650	29.4
4.8301	150.1	55.84604	34.9	155.1	55.03847	34.8	145.1	54.47087	34.7	165.1	41.55415	32.4	190.1	37.02856	31.4
4.8801	145.1	59.83557	35.5	215.1	56.67714	35.1	220.1	50.33045	34.0	155.1	43.31237	32.7	150.1	42.50701	32.6
4.9300	220.1	60.81874	35.7	215.1	47.40266	33.5	150.1	44.84619	33.0	145.1	41.98536	32.5	190.1	40.99248	32.3
4.9801	190.1	60.41225	35.6	220.1	57.33967	35.2	215.1	53.09390	34.5	240.1	47.21996	33.5	205.1	45.41018	33.1
5.0301	190.1	56.47202	35.0	240.1	44.20751	32.9	185.1	41.03047	32.3	250.1	39.92491	32.0	225.1	37.85752	31.6
5.0801	190.1	51.84935	34.3	185.1	44.26197	32.9	160.1	33.19975	30.4	220.1	32.17358	30.1	200.1	30.48867	29.7
5.1301	190.1	61.72359	35.8	185.1	55.69482	34.9	205.1	48.38919	33.7	170.1	48.04288	33.6	210.1	45.90225	33.2
5.1824	210.1	57.87253	35.2	185.1	53.57871	34.6	190.1	48.52864	33.7	205.1	39.98017	32.0	195.1	39.69767	32.0
5.2350	205.1	62.98705	36.0	185.1	62.09395	35.9	180.1	56.40879	35.0	190.1	47.15067	33.5	195.1	46.47760	33.3
5.2801	195.1	58.61170	35.4	200.1	58.41730	35.3	190.1	58.39703	35.3	210.1	45.83708	33.2	220.1	39.17432	31.9
5.3350	145.1	55.37556	34.9	190.1	50.31080	34.0	110.0	49.15629	33.8	185.1	47.61238	33.6	195.1	40.14769	32.1
5.3801	180.1	60.43529	35.6	140.1	54.95646	34.8	150.1	50.33338	34.0	185.1	49.52480	33.9	175.1	48.17709	33.7
5.4374	185.1	63.42259	36.0	190.1	60.34228	35.6	160.1	50.74867	34.1	150.1	50.71749	34.1	135.1	46.40728	33.3
5.4873	185.1	70.58060	37.0	140.1	57.28078	35.2	190.1	47.80513	33.6	150.1	46.06776	33.3	160.1	44.51288	33.0
5.5347	195.1	51.40275	34.2	190.1	45.72693	33.2	170.1	35.70818	31.1	175.1	34.07090	30.6	210.1	32.23878	30.2
5.5801	185.1	40.21281	32.1	190.1	34.94664	30.9	180.1	30.20554	29.6	240.1	29.20917	29.3	195.1	27.55252	28.8
5.6347	185.1	45.26557	33.1	180.1	35.07924	30.9	190.1	33.55184	30.5	200.1	26.21248	28.4	195.1	24.21151	27.7
5.6801	145.1	44.21308	32.9	175.1	36.36597	31.2	180.1	36.25853	31.2	140.1	34.23107	30.7	150.1	29.91615	29.5
5.7301	150.1	45.10455	33.1	155.1	44.25667	32.9	245.1	38.87001	31.8	185.1	35.04947	30.9	255.1	34.47084	30.7
5.7838	150.1	46.91773	33.4	210.1	43.38879	32.7	145.1	42.02320	32.5	250.1	39.39581	31.9	235.1	39.06483	31.8
5.8302	205.1	50.41953	34.1	180.1	47.26330	33.5	230.1	44.06797	32.9	145.1	42.21469	32.5	245.1	41.45354	32.4
5.8806	255.1	44.98493	33.1	215.1	42.24187	32.5	240.1	38.58326	31.7	220.1	37.38752	31.5	235.1	35.33636	31.0
5.9349	180.1	32.98740	30.4	195.1	31.90083	30.1	190.1	29.83744	29.5	155.1	28.76622	29.2	210.1	28.75377	29.2
5.9801	200.1	31.37069	29.9	195.1	27.49242	28.8	175.1	24.76809	27.9	185.1	24.41245	27.8	155.1	23.96179	27.6
6.0302	155.1	40.40474	32.1	160.1	30.94838	29.8	205.1	18.08490	25.1	200.1	16.76872	24.5	175.1	16.46156	24.3
6.0752	155.1	42.07971	32.5	175.1	37.51110	31.5	160.1	35.70483	31.1	165.1	27.95687	28.9	180.1	27.17421	28.7
6.1274	175.1	47.15799	33.5	155.1	40.40291	32.1	160.1	39.11260	31.8	215.1	29.25124	29.3	170.1	29.13745	29.3
6.1748	175.1	58.54480	35.3	215.1	56.96148	35.1	145.1	52.01831	34.3	150.1	47.44846	33.5	160.1	46.44211	33.3
6.2270	170.1	66.85831	36.5	145.1	62.56811	35.9	150.1	59.40864	35.5	175.1	55.04614	34.8	155.1	51.23048	34.2
6.2752	145.1	64.24376	36.2	150.1	61.57683	35.8	180.1	59.19989	35.4	175.1	53.70125	34.6	155.1	49.65738	33.9
6.3301	150.1	69.68638	36.9	145.1	63.69817	36.1	180.1	62.31334	35.9	155.1	51.60970	34.3	190.1	50.13112	34.0
6.3750	185.1	52.77036	34.4	190.1	51.37468	34.2	140.1	47.89388	33.6	135.1	45.42267	33.1	145.1	39.17843	31.9
6.4273	200.1	33.39258	30.5	255.1	27.47433	28.8	185.1	25.98139	28.3	220.1	22.37800	27.0	260.1	20.45782	26.2
6.4749	145.1	34.78028	30.8	185.1	32.08971	30.1	125.1	29.94223	29.5	135.1	28.38187	29.1	180.1	27.25071	28.7
6.5201	140.1	45.15741	33.1	185.1	35.25755	30.9	135.1	32.76460	30.3	155.1	31.49711	30.0	190.1	30.68000	29.7
6.5733	140.1	47.81707	33.6	150.1	42.55496	32.6	135.1	40.86676	32.2	145.1	40.38898	32.1	155.1	37.24487	31.4
6.6205	135.1	66.18995	36.4	145.1	47.33410	33.5	185.1	44.96070	33.1	190.1	44.37617	32.9	220.1	37.98618	31.6
6.6701	235.1	50.98936	34.1	230.1	50.96636	34.1	140.1	45.30793	33.1	210.1	44.29012	32.9	185.1	43.68643	32.8
6.7201	225.1	63.38812	36.0	185.1	61.06480	35.7	235.1	56.22288	35.0	205.1	53.23879	34.5	190.1	44.44059	33.0
6.7702	235.1	61.09593	35.7	210.1	54.82711	34.8	185.1	52.39233	34.4	225.1	50.22973	34.0	190.1	47.17703	33.5
6.8202	220.1	53.50551	34.6	235.1	51.41128	34.2	185.1	50.09664	34.0	190.1	43.70765	32.8	170.1	43.52929	32.8
6.8701	170.1	54.45935	34.7	195.1	53.26329	34.5	140.1	46.09193	33.3	190.1	36.17792	31.2	215.1	31.95009	30.1
6.9201	180.1	49.34321	33.9	195.1	48.42279	33.7	170.1	44.06003	32.9	205.1	37.95399	31.6	175.1	37.12300	31.4
6.9700	185.1	45.54638	33.2	180.1	44.31857	32.9	195.1	43.73471	32.8	200.1	42.29870	32.5	175.1	37.86064	31.6
7.0202	185.1	55.65125	34.9	195.1	50.47406	34.1	200.1	45.96864	33.2	240.1	42.83307	32.6	205.1	41.32752	32.3
7.0701	180.1	49.38982	33.9	235.1	43.05712	32.7	230.1	42.51368	32.6	210.1	42.15306	32.5	200.1	39.44985	31.9
7.1201	140.1	51.00399	34.2	145.1	49.87546	34.0	180.1	48.46003	33.7	230.1	44.80161	33.0	175.1	42.75803	32.6
7.1701	180.1	65.44119	36.3	145.1	49.08455	33.8	160.1	48.87190	33.8	155.1	46.96075	33.4	245.1	42.33510	32.5
7.2225	180.1	58.66280	35.4	145.1	56.56917	35.1	155.1	46.17152	33.3	160.1	42.77905	32.6	185.1	41.67434	32.4
7.2701	155.1	60.83630	35.7	180.1	51.00541	34.2	185.1	44.04867	32.9	135.1	38.06263	31.6	235.1	37.81681	31.6
7.3200	235.1	41.79446	32.4	175.1	35.15808	30.9	230.1	31.41832	29.9	225.1	29.20837	29.3	255.1	28.62083	29.1
7.3703	170.1	33.15758	30.4	240.1	30.54538	29.7	175.1	27.49622	28.8	225.1	25.83464	28.2	235.1	24.21147	27.7
7.4202	175.1	42.93856	32.7	170.1	27.58748	28.8	190.1	22.67921	27.1	135.1	22.61589	27.1	245.1	22.18595	26.9
7.4672	170.1	48.24243	33.7	140.1	44.35678	32.9	135.1	41.79329	32.4	210.1	31.67360	30.0	175.1	28.00994	28.9
7.5149	140.1	45.36275	33.1	235.1	39.10646	31.8	175.1	38.65779	31.7	145.1	37.53446	31.5	170.1	36.04556	31.1
7.5685	235.1	47.19951	33.5	135.1	46.55571	33.4	225.1	43.59983	32.8	220.1	40.97747	32.3	240.1	40.67847	32.2
7.6161	240.1	57.09439	35.1	225.1	47.58291	33.5	250.1	45.10132	33.1	145.1	44.42489	33.0	150.1	44.13328	32.9
7.6701	240.1	58.74651	35.4	250.1	48.49215	33.7	225.1	44.18697	32.9	210.1	40.99672	32.3	230.1	39.52035	31.9
7.7201	250.1	44.07997	32.9	220.1	42.02945	32.5	205.1	40.92626	32.2	210.1	39.47312	31.9	175.1	37.55505	31.5
7.7673	190.1	29.77086	29.5	185.1	26.73866	28.5	230.1	26.30312	28.4	255.1	25.96558	28.3	195.1	23.04308	27.3
7.8156	155.1	29.74765	29.5	160.1	22.33737	27.0	150.1	19.50220	25.8	165.1	18.72728	25.4	210.1	18.27751	25.2
7.8601	150.1	35.41421	31.0	200.1	26.27041	28.4	155.1	24.87483	27.9	145.1	23.81455	27.5	205.1	21.07767	26.5
7.9101	150.1	32.88926	30.3	155.1	31.77380	30.0	170.1	30.80186	29.8	205.1	29.29442	29.3	165.1	27.64285	28.8
7.9631	165.1	65.40956	36.3	205.1	49.65265	33.9	210.1	48.73100	33.8	215.1	43.81544	32.8	220.1	38.58408	31.7
8.0114	160.1	70.27729	36.9	200.1	64.04344	36.1	145.1	56.90915	35.1	205.1	53.05290	34.5	210.1	49.65552	33.9
8.0604	165.1	71.43308	37.1	170.1	60.24383	35.6	135.1	59.65659	35.5	205.1	58.19478	35.3	245.1	56.23213	35.0
8.1149	165.1	72.87383	37.3	205.1	57.64111	35.2	135.1	55.42592	34.9	140.1	53.77305	34.6	175.1	50.93131	34.1
8.1673	170.1	54.00354	34.6	135.1	50.36071	34.0	140.1	49.13703	33.8	175.1	47.77674	33.6	165.1	47.36480	33.5
8.2170	180.1	46.09503	33.3	175.1	45.06239	33.1	170.1	35.99714	31.1	185.1	35.51642	31.0	130.1	32.75474	30.3
