# LRA Top-5 Frequency Peaks — Condensed Summary
# Source file: pitch_increase_strong_220to440Hz.wav
# Generated:   2026-07-17 13:59:04
# Accel sample rate: 1557.6-1873.7 Hz per-window range (1644.3 Hz overall)
# Freq resolution:   5.01 Hz per bin (peaks below are quantized to this common grid;
#                    each window measured at its own real rate, then
#                    resampled here for cross-window comparability)
# Rows:        233
#
# For each time window, the top 5 frequency peaks by magnitude,
# sorted strongest first. Each peak is reported in BOTH units:
#   peakN_g  = linear amplitude in g (true physical intensity)
#   peakN_db = 20*log10(g) (compressed range — easier to compare
#              strong vs weak components, e.g. Shepard octave partners)
#
# NOTE: adjacent bins around one physical tone can both appear as
# separate 'peaks' — treat peaks within 1-2 bins of each other as
# the same component.
#
time_s	peak1_hz	peak1_g	peak1_db	peak2_hz	peak2_g	peak2_db	peak3_hz	peak3_g	peak3_db	peak4_hz	peak4_g	peak4_db	peak5_hz	peak5_g	peak5_db
0.4065	225.6	323.69779	50.2	220.6	259.20021	48.3	230.6	112.64643	41.0	215.6	92.68886	39.3	340.9	79.01539	38.0
0.4598	225.6	319.89388	50.1	220.6	225.54702	47.1	230.6	159.42318	44.1	215.6	85.58148	38.6	340.9	67.79600	36.6
0.5102	220.6	289.74974	49.2	225.6	230.03817	47.2	215.6	160.35535	44.1	330.9	88.21119	38.9	235.6	82.33958	38.3
0.5600	225.6	291.06306	49.3	220.6	194.96920	45.8	230.6	172.91373	44.8	215.6	95.87961	39.6	330.9	90.87606	39.2
0.6105	225.6	324.45729	50.2	230.6	195.65695	45.8	220.6	169.89309	44.6	330.9	90.19919	39.1	335.9	60.84457	35.7
0.6652	225.6	309.20236	49.8	220.6	202.31744	46.1	230.6	149.10678	43.5	325.8	90.45859	39.1	330.9	83.64153	38.4
0.7146	225.6	317.01157	50.0	230.6	243.22246	47.7	220.6	129.22323	42.2	325.8	81.92593	38.3	330.9	66.60525	36.5
0.7652	225.6	298.42452	49.5	230.6	252.97729	48.1	220.6	103.61512	40.3	325.8	86.06918	38.7	235.6	68.58143	36.7
0.8147	225.6	323.75436	50.2	230.6	186.75445	45.4	220.6	177.42491	45.0	320.8	76.98846	37.7	235.6	59.43746	35.5
0.8700	225.6	271.30301	48.7	230.6	265.29253	48.5	235.6	102.78917	40.2	220.6	92.19622	39.3	320.8	82.65358	38.3
0.9216	225.6	304.01729	49.7	220.6	232.82889	47.3	230.6	119.18673	41.5	310.8	101.90603	40.2	315.8	65.40020	36.3
0.9726	230.6	301.17737	49.6	225.6	229.42257	47.2	235.6	129.51697	42.2	315.8	96.48764	39.7	310.8	54.43900	34.7
1.0233	230.6	322.59321	50.2	235.6	201.50993	46.1	225.6	149.59260	43.5	315.8	92.46556	39.3	320.8	57.90489	35.3
1.0748	235.6	301.94561	49.6	230.6	275.60808	48.8	240.6	93.68381	39.4	315.8	90.40911	39.1	320.8	65.63734	36.3
1.1254	230.6	276.50709	48.8	235.6	262.23271	48.4	240.6	124.39774	41.9	225.6	106.42494	40.5	315.8	75.34743	37.5
1.1754	235.6	303.51725	49.6	230.6	214.86078	46.6	240.6	159.92591	44.1	310.8	82.61358	38.3	225.6	79.45019	38.0
1.2285	235.6	307.81351	49.8	240.6	236.87455	47.5	230.6	123.71208	41.8	310.8	76.90445	37.7	245.6	67.82499	36.6
1.2748	230.6	298.17063	49.5	235.6	220.98877	46.9	225.6	141.12267	43.0	300.8	72.53269	37.2	240.6	57.16983	35.1
1.3300	235.6	308.84132	49.8	240.6	212.78317	46.6	230.6	150.63121	43.6	305.8	68.80205	36.8	245.6	51.08922	34.2
1.3810	230.6	276.20691	48.8	235.6	271.88018	48.7	225.6	92.51810	39.3	240.6	89.62144	39.0	295.8	60.87946	35.7
1.4302	235.6	326.37987	50.3	240.6	235.40577	47.4	230.6	132.06396	42.4	300.8	77.78468	37.8	295.8	61.33331	35.8
1.4800	235.6	308.83026	49.8	240.6	246.71063	47.8	230.6	98.46067	39.9	295.8	93.83279	39.4	300.8	79.94528	38.1
1.5325	235.6	298.00535	49.5	240.6	206.24986	46.3	230.6	140.86407	43.0	290.8	86.15852	38.7	295.8	80.54436	38.1
1.5852	235.6	289.21775	49.2	230.6	177.75856	45.0	240.6	157.69984	44.0	290.8	97.36693	39.8	285.7	86.96265	38.8
1.6347	235.6	262.41331	48.4	240.6	254.54908	48.1	230.6	98.38680	39.9	245.6	88.48765	38.9	290.8	87.50679	38.8
1.6853	240.6	298.58421	49.5	245.6	248.55474	47.9	290.8	106.64841	40.6	235.6	96.11981	39.7	250.6	86.20947	38.7
1.7372	240.6	280.28137	49.0	235.6	216.23688	46.7	245.6	128.33908	42.2	250.6	100.78871	40.1	230.6	100.22631	40.0
1.7877	235.6	236.85326	47.5	240.6	231.01240	47.3	230.6	125.65554	42.0	245.6	122.15994	41.7	280.7	112.77010	41.0
1.8402	240.6	285.31573	49.1	245.6	265.46590	48.5	280.7	112.99933	41.1	285.7	107.68611	40.6	235.6	66.35179	36.4
1.8921	240.6	286.10841	49.1	245.6	188.79349	45.5	235.6	134.65326	42.6	275.7	108.36193	40.7	280.7	102.57487	40.2
1.9399	245.6	273.63670	48.7	250.6	222.31450	46.9	280.7	119.62919	41.6	240.6	108.74406	40.7	285.7	91.41526	39.2
1.9918	245.6	303.28141	49.6	240.6	213.85870	46.6	275.7	136.64171	42.7	250.6	105.02789	40.4	280.7	83.86567	38.5
2.0447	240.6	263.63543	48.4	245.6	226.81724	47.1	270.7	127.94827	42.1	235.6	102.03327	40.2	265.7	74.74557	37.5
2.0948	240.6	275.45284	48.8	245.6	242.53531	47.7	265.7	117.45555	41.4	270.7	111.31253	40.9	235.6	95.00108	39.6
2.1453	250.6	284.43861	49.1	255.7	203.00536	46.2	245.6	143.28280	43.1	275.7	108.32494	40.7	270.7	84.67352	38.6
2.1985	245.6	277.33871	48.9	250.6	180.09940	45.1	240.6	151.83728	43.6	265.7	126.19530	42.0	260.7	92.52122	39.3
2.2501	245.6	245.85509	47.8	260.7	161.62505	44.2	250.6	148.97867	43.5	240.6	132.71739	42.5	265.7	123.55306	41.8
2.3001	250.6	238.25040	47.5	265.7	176.35191	44.9	255.7	149.79079	43.5	245.6	138.23779	42.8	260.7	133.88196	42.5
2.3519	255.7	243.98717	47.7	260.7	201.82193	46.1	265.7	199.30133	46.0	250.6	153.41281	43.7	270.7	114.48130	41.2
2.3998	260.7	214.46079	46.6	255.7	158.38139	44.0	250.6	154.68327	43.8	265.7	149.19266	43.5	245.6	143.04583	43.1
2.4500	255.7	240.65570	47.6	260.7	184.96193	45.3	250.6	143.34334	43.1	245.6	133.31165	42.5	240.6	127.61562	42.1
2.5047	255.7	314.37599	49.9	250.6	286.70190	49.1	260.7	123.44721	41.8	245.6	94.41235	39.5	320.8	68.80423	36.8
2.5575	255.7	348.62124	50.8	250.6	220.69903	46.9	260.7	195.07092	45.8	320.8	73.36435	37.3	245.6	51.87711	34.3
2.6052	255.7	301.98361	49.6	250.6	227.24681	47.1	260.7	176.85792	45.0	245.6	85.32966	38.6	315.8	59.02697	35.4
2.6601	250.6	211.53366	46.5	260.7	198.26080	45.9	265.7	163.89703	44.3	245.6	122.36749	41.8	255.7	106.17515	40.5
2.7101	250.6	270.65871	48.6	255.7	253.40269	48.1	245.6	158.80911	44.0	260.7	142.95809	43.1	240.6	60.49859	35.6
2.7601	260.7	305.30279	49.7	265.7	178.97945	45.1	255.7	174.62244	44.8	275.7	83.69892	38.5	270.7	54.61110	34.7
2.8134	255.7	292.93305	49.3	250.6	197.16581	45.9	260.7	154.96544	43.8	270.7	76.91714	37.7	265.7	64.29404	36.2
2.8601	255.7	281.63916	49.0	250.6	228.17292	47.2	260.7	110.48385	40.9	270.7	72.10587	37.2	275.7	67.30808	36.6
2.9147	260.7	296.90133	49.5	255.7	214.11969	46.6	265.7	146.08153	43.3	280.7	55.63814	34.9	325.8	50.71706	34.1
2.9653	255.7	296.33292	49.4	260.7	227.77294	47.2	250.6	133.31298	42.5	265.7	71.58767	37.1	310.8	48.81071	33.8
3.0147	265.7	308.43670	49.8	260.7	236.73803	47.5	270.7	133.89661	42.5	255.7	61.48923	35.8	315.8	56.06534	35.0
3.0652	255.7	280.57942	49.0	260.7	246.90333	47.9	250.6	100.66707	40.1	265.7	71.35829	37.1	310.8	48.23515	33.7
3.1201	255.7	295.58204	49.4	260.7	222.45998	46.9	250.6	129.32458	42.2	265.7	64.94409	36.3	290.8	43.74908	32.8
3.1700	260.7	291.05885	49.3	255.7	226.64562	47.1	265.7	139.21721	42.9	250.6	63.08642	36.0	335.9	47.34208	33.5
3.2201	265.7	299.18945	49.5	270.7	250.90113	48.0	260.7	110.65552	40.9	275.7	74.84875	37.5	340.9	42.45375	32.6
3.2701	260.7	301.79817	49.6	255.7	190.51681	45.6	265.7	156.64336	43.9	305.8	52.07573	34.3	300.8	50.06011	34.0
3.3201	260.7	299.68681	49.5	265.7	179.78545	45.1	255.7	175.17285	44.9	310.8	46.23979	33.3	270.7	39.11063	31.8
3.3747	260.7	284.20897	49.1	265.7	230.78911	47.3	255.7	113.75182	41.1	270.7	67.13833	36.5	210.5	42.15917	32.5
3.4251	255.7	262.59456	48.4	260.7	259.35865	48.3	250.6	94.03842	39.5	265.7	90.29672	39.1	205.5	45.10543	33.1
3.4750	270.7	279.13171	48.9	265.7	275.83536	48.8	275.7	117.51005	41.4	260.7	87.51661	38.8	210.5	41.56032	32.4
3.5286	265.7	297.97571	49.5	260.7	219.71148	46.8	270.7	155.94547	43.9	255.7	65.08969	36.3	325.8	49.69312	33.9
3.5766	265.7	283.73665	49.1	260.7	213.47332	46.6	270.7	150.20614	43.5	275.7	91.01993	39.2	255.7	90.41542	39.1
3.6301	270.7	304.62290	49.7	265.7	193.97771	45.8	275.7	177.14932	45.0	260.7	60.77632	35.7	205.5	53.90455	34.6
3.6801	270.7	270.72279	48.7	265.7	247.08178	47.9	275.7	104.48633	40.4	260.7	86.18208	38.7	200.5	54.13554	34.7
3.7324	270.7	274.31181	48.8	265.7	250.91921	48.0	275.7	105.37600	40.5	260.7	89.31577	39.0	325.8	58.84778	35.4
3.7847	265.7	293.84398	49.4	270.7	287.69345	49.2	275.7	72.56837	37.2	260.7	66.09955	36.4	320.8	56.77409	35.1
3.8347	270.7	300.01894	49.5	265.7	214.30649	46.6	275.7	124.79636	41.9	325.8	47.68114	33.6	320.8	47.31374	33.5
3.8871	275.7	289.01769	49.2	280.7	237.33936	47.5	270.7	129.18205	42.2	285.7	71.74905	37.1	330.9	48.37285	33.7
3.9374	270.7	315.50368	50.0	275.7	208.00787	46.4	265.7	145.83985	43.3	315.8	56.08483	35.0	320.8	55.37155	34.9
3.9901	275.7	333.79618	50.5	280.7	184.72866	45.3	270.7	169.53983	44.6	320.8	61.82888	35.8	185.5	45.90233	33.2
4.0400	275.7	287.39052	49.2	270.7	214.72112	46.6	280.7	129.52160	42.2	265.7	58.78768	35.4	185.5	52.24365	34.4
4.0900	280.7	290.19149	49.3	275.7	199.31296	46.0	285.7	144.46918	43.2	270.7	55.35287	34.9	185.5	53.73877	34.6
4.1416	275.7	274.79300	48.8	270.7	246.86787	47.8	280.7	117.43985	41.4	265.7	69.99244	36.9	175.5	52.99410	34.5
4.1902	270.7	286.31660	49.1	275.7	263.39084	48.4	265.7	97.65628	39.8	280.7	55.48680	34.9	175.5	51.67490	34.3
4.2452	280.7	294.82256	49.4	275.7	221.75794	46.9	285.7	140.47141	43.0	270.7	83.83535	38.5	175.5	59.78215	35.5
4.2973	270.7	273.24816	48.7	275.7	266.35528	48.5	265.7	88.01731	38.9	305.8	71.82232	37.1	280.7	68.28651	36.7
4.3451	275.7	273.58931	48.7	280.7	268.78345	48.6	270.7	86.51532	38.7	285.7	72.00019	37.1	315.8	68.53777	36.7
4.3987	280.7	295.14688	49.4	275.7	202.07323	46.1	285.7	164.53411	44.3	165.4	63.52916	36.1	270.7	58.66944	35.4
4.4501	280.7	305.59642	49.7	285.7	189.50569	45.6	275.7	153.56661	43.7	305.8	66.48290	36.5	165.4	65.37380	36.3
4.5024	280.7	342.75064	50.7	275.7	227.69370	47.1	285.7	111.75884	41.0	310.8	53.31499	34.5	160.4	52.01279	34.3
4.5500	280.7	290.36935	49.3	285.7	239.12780	47.6	275.7	119.33285	41.5	290.8	76.27085	37.6	310.8	64.13598	36.1
4.6047	280.7	292.80712	49.3	285.7	234.19212	47.4	275.7	118.81128	41.5	290.8	67.20325	36.5	310.8	63.25151	36.0
4.6547	280.7	281.21278	49.0	285.7	256.95883	48.2	275.7	99.72767	40.0	290.8	80.08503	38.1	310.8	68.87994	36.8
4.7073	290.8	294.85020	49.4	295.8	195.40499	45.8	285.7	165.20294	44.4	300.8	58.22450	35.3	310.8	54.08527	34.7
4.7549	285.7	338.69895	50.6	280.7	200.64756	46.0	290.8	164.36454	44.3	300.8	80.33933	38.1	295.8	53.14115	34.5
4.8101	285.7	298.58071	49.5	290.8	218.69154	46.8	280.7	166.25790	44.4	295.8	115.18466	41.2	300.8	76.17159	37.6
4.8600	285.7	278.78095	48.9	280.7	228.16404	47.2	275.7	100.19392	40.0	290.8	84.19482	38.5	295.8	73.67460	37.3
4.9119	290.8	280.51896	49.0	285.7	220.30310	46.9	295.8	160.32629	44.1	280.7	71.34016	37.1	275.7	51.53231	34.2
4.9601	290.8	308.69129	49.8	285.7	261.02455	48.3	295.8	127.08828	42.1	300.8	66.31371	36.4	280.7	59.31212	35.5
5.0146	290.8	309.41051	49.8	295.8	209.59804	46.4	285.7	126.53171	42.0	310.8	67.54337	36.6	135.4	58.05597	35.3
5.0652	290.8	316.80484	50.0	285.7	222.27429	46.9	295.8	154.90234	43.8	300.8	91.84964	39.3	280.7	59.09315	35.4
5.1148	295.8	270.91477	48.7	300.8	268.91670	48.6	305.8	156.58555	43.9	290.8	123.04151	41.8	310.8	79.07572	38.0
5.1652	290.8	260.12123	48.3	285.7	235.11438	47.4	300.8	145.16883	43.2	295.8	105.44692	40.5	280.7	99.07215	39.9
5.2147	290.8	295.52248	49.4	295.8	285.21448	49.1	285.7	95.84504	39.6	300.8	92.06705	39.3	125.3	47.53668	33.5
5.2705	295.8	326.99569	50.3	290.8	245.63266	47.8	300.8	128.79334	42.2	285.7	44.88443	33.0	125.3	38.79459	31.8
5.3201	290.8	299.83340	49.5	285.7	297.31756	49.5	295.8	79.70087	38.0	280.7	70.93693	37.0	115.3	34.89489	30.9
5.3700	295.8	305.37756	49.7	300.8	224.19318	47.0	290.8	143.12508	43.1	305.8	58.56992	35.4	115.3	46.46662	33.3
5.4252	295.8	316.84730	50.0	290.8	176.27379	44.9	300.8	164.05273	44.3	115.3	62.37806	35.9	110.3	51.68753	34.3
5.4747	295.8	265.49718	48.5	290.8	188.19786	45.5	300.8	121.67776	41.7	305.8	69.13325	36.8	110.3	64.36726	36.2
5.5252	300.8	238.63174	47.6	295.8	155.38415	43.8	305.8	140.44662	43.0	315.8	93.69623	39.4	320.8	83.04928	38.4
5.5746	300.8	213.48798	46.6	295.8	199.17263	46.0	305.8	131.22889	42.4	310.8	95.27664	39.6	315.8	90.40834	39.1
5.6253	305.8	259.38878	48.3	300.8	169.55420	44.6	310.8	155.32870	43.8	295.8	81.25976	38.2	315.8	76.26536	37.6
5.6786	295.8	324.66947	50.2	290.8	219.95503	46.8	300.8	121.24697	41.7	310.8	91.63037	39.2	315.8	66.01984	36.4
5.7255	295.8	272.23746	48.7	300.8	234.29440	47.4	290.8	167.95775	44.5	310.8	104.69839	40.4	305.8	101.31146	40.1
5.7801	305.8	260.65360	48.3	310.8	242.07091	47.7	300.8	102.09857	40.2	315.8	101.30539	40.1	290.8	71.07159	37.0
5.8301	300.8	276.22556	48.8	305.8	164.50302	44.3	295.8	133.11391	42.5	270.7	58.90871	35.4	95.2	57.19843	35.1
5.8800	310.8	266.38083	48.5	315.8	176.29855	44.9	305.8	142.49217	43.1	320.8	84.17131	38.5	325.8	72.50850	37.2
5.9318	300.8	279.47329	48.9	305.8	180.95844	45.2	295.8	144.39092	43.2	310.8	83.30704	38.4	85.2	58.15342	35.3
5.9799	300.8	298.99200	49.5	305.8	221.60896	46.9	295.8	118.68844	41.5	85.2	65.79366	36.4	310.8	44.29031	32.9
6.0347	305.8	248.80058	47.9	310.8	174.01810	44.8	300.8	108.88765	40.7	85.2	73.41126	37.3	80.2	60.30779	35.6
6.0854	305.8	270.99306	48.7	300.8	186.63347	45.4	310.8	112.20779	41.0	80.2	68.85740	36.8	85.2	51.79638	34.3
6.1348	315.8	228.82316	47.2	310.8	217.90101	46.8	320.8	88.94946	39.0	305.8	80.86394	38.2	80.2	59.14154	35.4
6.1852	310.8	254.27779	48.1	305.8	177.42531	45.0	315.8	129.99529	42.3	75.2	73.60493	37.3	70.2	50.01853	34.0
6.2348	310.8	254.11295	48.1	315.8	205.68707	46.3	305.8	84.69013	38.6	75.2	78.98515	38.0	70.2	65.06948	36.3
6.2885	305.8	241.34714	47.7	310.8	215.89527	46.7	300.8	79.66698	38.0	70.2	70.57901	37.0	65.2	64.11708	36.1
6.3400	310.8	263.58358	48.4	305.8	217.94297	46.8	315.8	97.76868	39.8	65.2	72.08865	37.2	70.2	54.75912	34.8
6.3900	315.8	280.85100	49.0	310.8	221.29839	46.9	320.8	104.29876	40.4	305.8	76.59249	37.7	65.2	63.91687	36.1
6.4401	320.8	231.57556	47.3	315.8	219.35344	46.8	325.8	126.95467	42.1	310.8	115.95336	41.3	65.2	65.52980	36.3
6.4901	320.8	265.47292	48.5	325.8	195.27466	45.8	315.8	126.06241	42.0	60.2	66.76050	36.5	330.9	63.55734	36.1
6.5403	320.8	261.75207	48.4	315.8	154.38556	43.8	325.8	150.66637	43.6	55.1	72.38177	37.2	60.2	52.34988	34.4
6.5900	315.8	271.52159	48.7	310.8	192.70556	45.7	320.8	125.49433	42.0	50.1	61.69863	35.8	55.1	59.14338	35.4
6.6447	315.8	292.60863	49.3	320.8	182.66943	45.2	310.8	138.16749	42.8	50.1	70.77519	37.0	55.1	41.49428	32.4
6.6962	320.8	275.52456	48.8	315.8	220.75332	46.9	325.8	112.75540	41.0	50.1	54.84005	34.8	270.7	44.38311	32.9
6.7453	325.8	269.49022	48.6	330.9	198.54584	46.0	320.8	134.14964	42.6	335.9	54.98768	34.8	275.7	48.43072	33.7
6.7946	320.8	253.71350	48.1	325.8	206.81702	46.3	315.8	103.30186	40.3	330.9	56.24683	35.0	270.7	41.44064	32.3
6.8452	320.8	296.42688	49.4	325.8	160.19423	44.1	315.8	150.78712	43.6	355.9	43.22704	32.7	50.1	38.44448	31.7
6.9009	320.8	281.16498	49.0	315.8	159.03214	44.0	325.8	128.72833	42.2	355.9	41.70057	32.4	310.8	41.14310	32.3
6.9501	320.8	238.23389	47.5	315.8	213.48670	46.6	325.8	97.64676	39.8	310.8	72.24683	37.2	350.9	36.94754	31.4
7.0001	325.8	280.75224	49.0	320.8	164.09609	44.3	330.9	132.56488	42.4	340.9	52.08238	34.3	355.9	47.68033	33.6
7.0529	325.8	203.35870	46.2	330.9	198.98807	46.0	335.9	108.72666	40.7	320.8	101.11717	40.1	340.9	85.95497	38.7
7.1036	325.8	260.05123	48.3	320.8	213.63459	46.6	330.9	109.93429	40.8	345.9	56.50057	35.0	350.9	47.95849	33.6
7.1548	330.9	282.27677	49.0	335.9	174.30589	44.8	325.8	122.74186	41.8	350.9	70.65280	37.0	340.9	57.74662	35.2
7.2052	330.9	255.71772	48.2	335.9	186.50388	45.4	325.8	106.91719	40.6	365.9	61.07072	35.7	340.9	61.05576	35.7
7.2547	330.9	207.79181	46.4	335.9	158.79045	44.0	325.8	98.39576	39.9	365.9	83.49002	38.4	360.9	82.60093	38.3
7.3079	335.9	197.16181	45.9	330.9	177.62219	45.0	360.9	100.13061	40.0	325.8	97.95417	39.8	340.9	95.23113	39.6
7.3553	335.9	172.59471	44.7	340.9	163.72841	44.3	355.9	122.39328	41.8	360.9	109.08474	40.8	330.9	103.61991	40.3
7.4052	340.9	230.25360	47.2	335.9	176.35913	44.9	345.9	136.21479	42.7	330.9	75.78495	37.6	355.9	66.49678	36.5
7.4547	325.8	282.50651	49.0	330.9	164.02341	44.3	320.8	144.68636	43.2	340.9	70.81152	37.0	315.8	61.86082	35.8
7.5100	330.9	263.63832	48.4	325.8	174.25247	44.8	335.9	169.63692	44.6	320.8	84.63993	38.6	340.9	81.79363	38.3
7.5603	330.9	220.31755	46.9	325.8	209.59312	46.4	335.9	115.15493	41.2	320.8	113.89747	41.1	340.9	91.08259	39.2
7.6100	335.9	220.41895	46.9	340.9	190.01542	45.6	330.9	136.93560	42.7	345.9	108.93500	40.7	325.8	86.18235	38.7
7.6600	340.9	196.90000	45.9	335.9	189.57526	45.6	330.9	143.02480	43.1	345.9	115.35406	41.2	355.9	91.94556	39.3
7.7100	340.9	219.05692	46.8	335.9	163.13037	44.3	325.8	120.06822	41.6	350.9	107.94997	40.7	345.9	99.06231	39.9
7.7624	335.9	221.76754	46.9	340.9	212.96050	46.6	325.8	101.88431	40.2	330.9	79.02554	38.0	345.9	74.96811	37.5
7.8147	340.9	260.26717	48.3	335.9	192.56768	45.7	320.8	71.36542	37.1	350.9	65.60959	36.3	345.9	60.54389	35.6
7.8652	345.9	225.71857	47.1	340.9	199.63983	46.0	350.9	99.51568	40.0	335.9	73.49880	37.3	365.9	68.79202	36.8
7.9147	345.9	219.45382	46.8	350.9	182.41482	45.2	340.9	140.62307	43.0	355.9	79.83244	38.0	335.9	65.75706	36.4
7.9652	345.9	212.90084	46.6	340.9	155.82697	43.9	350.9	137.29823	42.8	355.9	84.54844	38.5	360.9	80.60691	38.1
8.0150	345.9	217.31688	46.7	340.9	207.07303	46.3	350.9	90.33549	39.1	335.9	87.88732	38.9	376.0	53.96266	34.6
8.0652	340.9	227.14903	47.1	345.9	209.40934	46.4	335.9	76.94264	37.7	350.9	58.95477	35.4	376.0	50.12179	34.0
8.1201	345.9	255.57843	48.2	340.9	201.06039	46.1	350.9	99.43578	40.0	376.0	46.47259	33.3	310.8	42.96461	32.7
8.1709	345.9	289.37345	49.2	350.9	149.96458	43.5	340.9	145.55365	43.3	175.5	43.41279	32.8	381.0	38.11687	31.6
8.2204	355.9	241.31450	47.7	350.9	201.91835	46.1	360.9	108.31752	40.7	345.9	68.82378	36.8	396.0	48.01860	33.6
8.2701	355.9	272.08705	48.7	350.9	155.37780	43.8	360.9	134.65881	42.6	50.1	67.01971	36.5	345.9	46.00315	33.3
8.3200	345.9	264.18159	48.4	350.9	206.13769	46.3	50.1	88.03821	38.9	340.9	70.75622	37.0	396.0	38.13934	31.6
8.3748	345.9	248.66196	47.9	350.9	188.58437	45.5	340.9	137.03244	42.7	50.1	91.35453	39.2	355.9	72.47087	37.2
8.4252	350.9	274.59488	48.8	355.9	163.63577	44.3	345.9	138.72419	42.8	55.1	104.21594	40.4	50.1	83.20873	38.4
8.4766	360.9	258.68563	48.3	365.9	168.90906	44.6	355.9	138.11932	42.8	55.1	100.27020	40.0	60.2	94.48615	39.5
8.5252	355.9	265.10079	48.5	350.9	208.77953	46.4	360.9	88.06246	38.9	60.2	79.99307	38.1	65.2	65.02408	36.3
8.5747	355.9	248.01607	47.9	360.9	148.95337	43.5	350.9	137.60153	42.8	60.2	79.63525	38.0	65.2	68.12399	36.7
8.6293	355.9	245.36962	47.8	350.9	189.77261	45.6	360.9	92.17539	39.3	340.9	66.38570	36.4	371.0	66.11396	36.4
8.6800	350.9	199.20497	46.0	355.9	197.64499	45.9	365.9	131.96120	42.4	345.9	112.46016	41.0	360.9	101.52721	40.1
8.7300	365.9	227.06390	47.1	371.0	209.08974	46.4	376.0	130.72039	42.3	360.9	106.52854	40.5	381.0	72.07447	37.2
8.7816	355.9	233.89807	47.4	360.9	206.48857	46.3	350.9	102.33546	40.2	365.9	74.86882	37.5	75.2	58.14606	35.3
8.8348	360.9	270.82826	48.7	355.9	197.99577	45.9	365.9	108.37645	40.7	80.2	64.74268	36.2	75.2	49.28033	33.9
8.8860	360.9	257.07044	48.2	355.9	163.08758	44.2	365.9	136.44515	42.7	80.2	79.85615	38.0	85.2	70.20010	36.9
8.9348	371.0	258.12776	48.2	376.0	153.81631	43.7	365.9	153.22002	43.7	85.2	80.51539	38.1	90.2	67.65734	36.6
8.9869	371.0	241.24560	47.6	376.0	233.23846	47.4	90.2	84.88418	38.6	381.0	81.29724	38.2	95.2	54.04449	34.7
9.0345	360.9	235.14767	47.4	365.9	191.46065	45.6	355.9	102.07520	40.2	90.2	77.29028	37.8	95.2	57.36472	35.2
9.0901	365.9	228.19891	47.2	371.0	219.32787	46.8	360.9	90.16041	39.1	376.0	89.50944	39.0	95.2	78.82362	37.9
9.1400	365.9	256.96360	48.2	371.0	150.73732	43.6	360.9	148.17038	43.4	95.2	67.73187	36.6	100.3	63.95628	36.1
9.1900	371.0	240.79247	47.6	365.9	233.98962	47.4	100.3	79.92703	38.1	105.3	67.96790	36.6	376.0	64.64029	36.2
9.2400	371.0	229.12899	47.2	365.9	194.14884	45.8	376.0	99.10173	39.9	105.3	93.53439	39.4	360.9	71.57125	37.1
9.2947	371.0	261.90801	48.4	376.0	211.73310	46.5	105.3	84.57220	38.5	110.3	82.89101	38.4	365.9	79.55619	38.0
9.3469	371.0	253.31233	48.1	376.0	164.64496	44.3	365.9	126.11863	42.0	110.3	100.20160	40.0	115.3	70.64554	37.0
9.3945	381.0	238.19706	47.5	386.0	181.57568	45.2	376.0	119.73539	41.6	115.3	81.69413	38.2	120.3	74.14991	37.4
9.4451	376.0	231.24812	47.3	381.0	182.09438	45.2	371.0	107.62196	40.6	120.3	73.46409	37.3	386.0	65.13154	36.3
9.5000	371.0	209.58138	46.4	365.9	146.90104	43.3	376.0	111.19132	40.9	360.9	91.29176	39.2	386.0	84.46786	38.5
9.5501	376.0	201.90071	46.1	381.0	183.04622	45.3	386.0	115.51965	41.3	365.9	112.11011	41.0	371.0	99.19405	39.9
9.6001	376.0	180.99931	45.2	381.0	154.62191	43.8	386.0	131.83004	42.4	371.0	131.71130	42.4	391.0	86.75863	38.8
9.6500	376.0	193.21056	45.7	381.0	163.94503	44.3	386.0	132.33761	42.4	371.0	131.97722	42.4	365.9	100.96011	40.1
9.7030	381.0	241.38447	47.7	376.0	207.02651	46.3	386.0	100.28175	40.0	135.4	65.62061	36.3	371.0	64.10456	36.1
9.7551	381.0	257.99430	48.2	376.0	171.16418	44.7	386.0	129.42672	42.2	135.4	67.15816	36.5	140.4	63.86053	36.1
9.8051	386.0	249.11341	47.9	391.0	161.77454	44.2	381.0	116.84112	41.4	145.4	69.30793	36.8	140.4	59.62781	35.5
9.8547	386.0	229.57869	47.2	381.0	167.66799	44.5	391.0	106.45889	40.5	145.4	76.96769	37.7	376.0	55.11469	34.8
9.9051	391.0	218.55254	46.8	386.0	172.46526	44.7	396.0	105.91122	40.5	150.4	93.99915	39.5	155.4	62.25168	35.9
9.9574	381.0	239.33022	47.6	386.0	148.74888	43.4	376.0	141.26417	43.0	150.4	101.19434	40.1	145.4	66.80060	36.5
10.0100	386.0	212.38502	46.5	381.0	208.74883	46.4	376.0	97.79714	39.8	391.0	88.85506	39.0	155.4	86.75683	38.8
10.0601	386.0	257.41493	48.2	391.0	232.01046	47.3	155.4	80.58921	38.1	381.0	73.33951	37.3	160.4	72.60962	37.2
10.1100	396.0	240.64394	47.6	401.0	199.80245	46.0	391.0	100.77539	40.1	165.4	97.17982	39.8	170.4	75.39403	37.5
10.1615	391.0	224.15032	47.0	386.0	199.40253	46.0	165.4	112.53129	41.0	396.0	76.38843	37.7	160.4	64.66007	36.2
10.2147	386.0	207.96466	46.4	391.0	194.88916	45.8	165.4	100.88564	40.1	381.0	83.63147	38.4	170.4	78.65355	37.9
10.2652	391.0	237.34236	47.5	386.0	211.52143	46.5	170.4	90.41784	39.1	165.4	60.55011	35.6	381.0	57.57658	35.2
10.3148	396.0	236.33622	47.5	391.0	198.10543	45.9	401.0	85.09219	38.6	175.5	84.64105	38.6	170.4	59.33802	35.5
10.3653	401.0	202.66946	46.1	396.0	177.46735	45.0	406.1	137.64878	42.8	411.1	97.56658	39.8	391.0	88.09971	38.9
10.4165	396.0	226.86855	47.1	401.0	198.62479	46.0	391.0	122.00927	41.7	185.5	107.90062	40.7	180.5	83.65230	38.4
10.4655	396.0	237.83644	47.5	401.0	198.33624	45.9	185.5	107.37391	40.6	391.0	86.51523	38.7	190.5	70.68269	37.0
10.5200	401.0	273.24892	48.7	406.1	155.08638	43.8	396.0	138.52872	42.8	190.5	85.34753	38.6	185.5	54.40495	34.7
10.5709	401.0	214.27661	46.6	396.0	160.73821	44.1	406.1	93.37505	39.4	391.0	72.49272	37.2	195.5	67.63634	36.6
10.6205	401.0	218.30505	46.8	396.0	211.13108	46.5	391.0	82.96242	38.4	195.5	78.17468	37.9	406.1	68.96183	36.8
10.6748	401.0	289.94480	49.2	396.0	199.88801	46.0	200.5	132.96205	42.5	406.1	128.09482	42.2	205.5	85.80698	38.7
10.7251	401.0	267.00276	48.5	406.1	160.69816	44.1	396.0	153.89365	43.7	200.5	104.66497	40.4	195.5	79.67023	38.0
10.7749	411.1	226.64817	47.1	416.1	152.39083	43.7	406.1	117.49098	41.4	210.5	70.55121	37.0	215.6	59.57678	35.5
10.8251	406.1	237.60122	47.5	401.0	186.59033	45.4	411.1	94.00082	39.5	210.5	75.75370	37.6	396.0	50.67094	34.1
10.8748	406.1	218.86831	46.8	401.0	175.39313	44.9	411.1	121.62089	41.7	396.0	73.30344	37.3	215.6	54.38427	34.7
10.9294	406.1	219.44028	46.8	411.1	192.67353	45.7	401.0	97.52082	39.8	416.1	67.77439	36.6	215.6	51.58826	34.3
10.9804	406.1	207.79976	46.4	401.0	168.35842	44.5	411.1	126.99159	42.1	416.1	77.97720	37.8	396.0	65.07928	36.3
11.0303	416.1	218.14487	46.8	411.1	181.01669	45.2	421.1	135.82058	42.7	426.1	94.92667	39.5	406.1	74.80910	37.5
11.0800	411.1	253.58556	48.1	406.1	161.65281	44.2	416.1	141.19182	43.0	185.5	68.28614	36.7	180.5	62.93063	36.0
11.1345	411.1	227.59004	47.1	416.1	220.57320	46.9	406.1	84.62548	38.6	421.1	72.52201	37.2	180.5	70.37964	36.9
11.1851	416.1	230.03915	47.2	411.1	222.46924	46.9	421.1	85.91761	38.7	175.5	75.49441	37.6	406.1	73.18628	37.3
11.2346	416.1	236.16865	47.5	421.1	223.88280	47.0	411.1	72.95233	37.3	426.1	69.49083	36.8	175.5	65.03101	36.3
11.2850	426.1	210.19948	46.5	421.1	199.37233	46.0	431.1	103.02353	40.3	416.1	71.51585	37.1	436.1	54.67574	34.8
11.3376	411.1	231.92436	47.3	416.1	136.44825	42.7	406.1	118.23254	41.5	426.1	75.07978	37.5	421.1	56.19183	35.0
11.3853	411.1	196.01201	45.8	406.1	134.90740	42.6	416.1	122.13662	41.7	421.1	111.57245	41.0	426.1	88.61241	38.9
11.4404	421.1	217.31885	46.7	426.1	161.31259	44.2	416.1	123.63169	41.8	431.1	87.42919	38.8	411.1	81.88971	38.3
11.4904	411.1	214.76070	46.6	406.1	147.86634	43.4	416.1	127.71169	42.1	401.0	67.74090	36.6	421.1	59.46758	35.5
11.5418	426.1	229.31717	47.2	421.1	175.21657	44.9	431.1	146.01064	43.3	416.1	84.82253	38.6	160.4	68.92875	36.8
11.5946	426.1	249.58468	47.9	431.1	188.49218	45.5	421.1	121.49093	41.7	160.4	82.79810	38.4	155.4	65.12467	36.3
11.6451	431.1	221.91789	46.9	426.1	200.24121	46.0	436.1	84.01902	38.5	421.1	64.87247	36.2	155.4	63.82812	36.1
11.6949	426.1	234.48762	47.4	431.1	189.95862	45.6	421.1	91.15854	39.2	436.1	72.44449	37.2	150.4	61.02931	35.7
11.7461	426.1	242.06472	47.7	421.1	136.72838	42.7	431.1	127.76481	42.1	436.1	78.87143	37.9	150.4	65.89985	36.4
11.8000	421.1	222.87768	47.0	416.1	154.31749	43.8	426.1	153.62274	43.7	411.1	62.43779	35.9	145.4	59.55636	35.5
11.8505	426.1	257.81451	48.2	431.1	186.73698	45.4	421.1	90.66239	39.1	140.4	72.12854	37.2	145.4	60.21721	35.6
11.9048	436.1	250.80202	48.0	431.1	195.27956	45.8	441.1	92.83714	39.4	145.4	87.12495	38.8	426.1	56.06732	35.0
11.9548	441.1	207.69724	46.3	436.1	205.36623	46.3	431.1	82.90291	38.4	446.2	77.56150	37.8	140.4	63.76140	36.1
12.0051	436.1	245.38395	47.8	431.1	136.31746	42.7	441.1	128.72218	42.2	135.4	61.53089	35.8	446.2	59.11772	35.4
12.0548	436.1	223.00765	47.0	431.1	128.78117	42.2	441.1	102.28776	40.2	446.2	97.32012	39.8	135.4	62.19984	35.9
12.1104	441.1	210.41211	46.5	436.1	142.91403	43.1	446.2	130.58532	42.3	451.2	58.38740	35.3	135.4	53.60534	34.6
12.1605	451.2	173.33119	44.8	446.2	164.01552	44.3	441.1	88.52170	38.9	456.2	78.89289	37.9	466.2	40.03385	32.0
12.2100	486.3	94.10579	39.5	491.3	81.53011	38.2	481.2	77.88334	37.8	496.3	50.17746	34.0	476.2	45.88346	33.2
12.2548	466.2	12.68913	22.1	461.2	12.32277	21.8	471.2	12.14605	21.7	456.2	11.17156	21.0	476.2	10.76305	20.6
