# LRA Top-5 Frequency Peaks — Condensed Summary
# Source file: pitch_constant_220to220Hz.wav
# Generated:   2026-07-17 13:58:05
# Accel sample rate: 1526.0-1768.6 Hz per-window range (1634.7 Hz overall)
# Freq resolution:   5.01 Hz per bin (peaks below are quantized to this common grid;
#                    each window measured at its own real rate, then
#                    resampled here for cross-window comparability)
# Rows:        234
#
# For each time window, the top 5 frequency peaks by magnitude,
# sorted strongest first. Each peak is reported in BOTH units:
#   peakN_g  = linear amplitude in g (true physical intensity)
#   peakN_db = 20*log10(g) (compressed range — easier to compare
#              strong vs weak components, e.g. Shepard octave partners)
#
# NOTE: adjacent bins around one physical tone can both appear as
# separate 'peaks' — treat peaks within 1-2 bins of each other as
# the same component.
#
time_s	peak1_hz	peak1_g	peak1_db	peak2_hz	peak2_g	peak2_db	peak3_hz	peak3_g	peak3_db	peak4_hz	peak4_g	peak4_db	peak5_hz	peak5_g	peak5_db
0.4001	225.6	354.77094	51.0	230.7	216.72343	46.7	220.6	153.20627	43.7	356.0	87.42869	38.8	351.0	80.28456	38.1
0.4550	215.6	365.45212	51.3	220.6	202.73190	46.1	210.6	155.43097	43.8	336.0	85.80611	38.7	341.0	59.87725	35.5
0.5011	220.6	321.46385	50.1	215.6	224.73122	47.0	225.6	138.22678	42.8	341.0	88.68774	39.0	346.0	70.32996	36.9
0.5577	225.6	364.12457	51.2	230.7	187.01051	45.4	220.6	183.62507	45.3	351.0	98.41760	39.9	356.0	72.36260	37.2
0.6048	215.6	348.69017	50.8	210.6	198.51680	46.0	220.6	147.92134	43.4	336.0	96.92113	39.7	341.0	60.10076	35.6
0.6539	220.6	343.14594	50.7	215.6	196.52804	45.9	225.6	169.41867	44.6	346.0	81.88373	38.3	341.0	79.73575	38.0
0.7095	220.6	290.61300	49.3	215.6	239.39531	47.6	225.6	120.65405	41.6	341.0	93.09888	39.4	346.0	78.16673	37.9
0.7601	215.6	293.52402	49.4	220.6	234.95969	47.4	210.6	128.10047	42.2	341.0	85.98166	38.7	336.0	80.15217	38.1
0.8103	215.6	300.63440	49.6	220.6	210.27455	46.5	210.6	129.81425	42.3	336.0	98.48639	39.9	341.0	89.64563	39.1
0.8601	225.6	286.04787	49.1	220.6	260.96565	48.3	351.0	98.97735	39.9	230.7	92.87961	39.4	346.0	92.56209	39.3
0.9102	225.6	328.42441	50.3	220.6	238.39993	47.5	230.7	120.38885	41.6	351.0	108.78882	40.7	346.0	74.24638	37.4
0.9601	225.6	319.16717	50.1	220.6	213.77108	46.6	230.7	159.09699	44.0	351.0	88.37287	38.9	215.6	76.49979	37.7
1.0096	225.6	321.06995	50.1	220.6	229.08650	47.2	230.7	152.22858	43.6	351.0	81.28804	38.2	215.6	69.44116	36.8
1.0600	225.6	327.99876	50.3	220.6	228.75583	47.2	230.7	150.85308	43.6	351.0	82.37928	38.3	215.6	54.11868	34.7
1.1103	220.6	317.54517	50.0	215.6	214.83533	46.6	225.6	145.19032	43.2	341.0	89.40047	39.0	346.0	77.67166	37.8
1.1600	225.6	325.55307	50.3	220.6	207.23412	46.3	230.7	170.35919	44.6	351.0	86.01970	38.7	215.6	62.71567	35.9
1.2145	215.6	324.40188	50.2	210.6	193.24118	45.7	220.6	157.18730	43.9	336.0	85.84014	38.7	341.0	57.97635	35.3
1.2601	215.6	301.04198	49.6	210.6	239.45555	47.6	220.6	130.62684	42.3	205.6	78.92858	37.9	336.0	73.38794	37.3
1.3195	215.6	299.69012	49.5	220.6	228.47177	47.2	210.6	127.41535	42.1	341.0	81.04229	38.2	336.0	79.77191	38.0
1.3698	215.6	286.68643	49.1	210.6	275.94398	48.8	220.6	83.55055	38.4	336.0	69.98010	36.9	205.6	69.23151	36.8
1.4203	210.6	304.74177	49.7	215.6	234.41155	47.4	205.6	121.39917	41.7	330.9	85.74184	38.7	220.6	52.62844	34.4
1.4696	225.6	313.67607	49.9	220.6	254.86018	48.1	230.7	107.99122	40.7	351.0	90.14462	39.1	346.0	77.30523	37.8
1.5201	220.6	356.29500	51.0	215.6	188.87701	45.5	225.6	172.68128	44.7	346.0	83.77062	38.5	341.0	73.21307	37.3
1.5695	220.6	310.62956	49.8	225.6	249.76352	48.0	215.6	131.18422	42.4	346.0	80.26468	38.1	230.7	77.88315	37.8
1.6239	220.6	354.71538	51.0	215.6	196.38762	45.9	225.6	173.36365	44.8	341.0	70.92362	37.0	346.0	67.85763	36.6
1.6714	225.6	329.68751	50.4	230.7	188.74876	45.5	220.6	184.15068	45.3	351.0	79.07794	38.0	356.0	65.23441	36.3
1.7238	225.6	313.03918	49.9	220.6	246.91534	47.9	230.7	139.90776	42.9	215.6	85.04906	38.6	351.0	74.46781	37.4
1.7695	215.6	307.06590	49.7	220.6	196.74551	45.9	210.6	159.85284	44.1	336.0	80.27235	38.1	341.0	68.33272	36.7
1.8201	220.6	286.13302	49.1	225.6	264.46831	48.4	215.6	103.04982	40.3	230.7	86.10900	38.7	346.0	85.22028	38.6
1.8775	215.6	298.33725	49.5	210.6	251.07068	48.0	220.6	111.64196	41.0	330.9	72.26715	37.2	336.0	71.35010	37.1
1.9249	215.6	321.97053	50.2	210.6	203.88223	46.2	220.6	145.63306	43.3	336.0	84.43459	38.5	330.9	60.06817	35.6
1.9795	220.6	361.79788	51.2	225.6	224.54536	47.0	215.6	141.43282	43.0	346.0	83.75919	38.5	341.0	55.81429	34.9
2.0296	220.6	284.64605	49.1	215.6	268.29447	48.6	225.6	97.06020	39.7	341.0	84.38453	38.5	210.6	74.47574	37.4
2.0802	220.6	292.43389	49.3	215.6	273.69565	48.7	225.6	99.79431	40.0	210.6	88.83388	39.0	341.0	79.30488	38.0
2.1302	225.6	297.73506	49.5	220.6	257.32258	48.2	230.7	114.93662	41.2	351.0	79.69056	38.0	215.6	79.64110	38.0
2.1800	220.6	338.29167	50.6	215.6	188.56337	45.5	225.6	172.91065	44.8	346.0	85.15242	38.6	341.0	79.96792	38.1
2.2301	220.6	323.93579	50.2	215.6	189.08687	45.5	225.6	171.66093	44.7	346.0	89.05476	39.0	341.0	80.58768	38.1
2.2844	225.6	303.24685	49.6	220.6	252.23162	48.0	230.7	121.90787	41.7	215.6	87.08853	38.8	351.0	77.46079	37.8
2.3347	225.6	345.05057	50.8	220.6	223.68730	47.0	230.7	156.82457	43.9	351.0	83.93954	38.5	381.1	50.73403	34.1
2.3801	220.6	350.28776	50.9	215.6	193.97538	45.8	225.6	176.76137	44.9	346.0	74.46722	37.4	341.0	69.33875	36.8
2.4296	220.6	326.99479	50.3	215.6	185.54456	45.4	225.6	177.18178	45.0	346.0	86.52005	38.7	341.0	69.51120	36.8
2.4882	215.6	326.46668	50.3	210.6	204.15525	46.2	220.6	157.59985	44.0	336.0	72.71972	37.2	356.0	52.70069	34.4
2.5394	215.6	282.08368	49.0	210.6	263.89000	48.4	220.6	87.66128	38.9	205.6	78.30606	37.9	330.9	77.03922	37.7
2.5896	215.6	303.20908	49.6	210.6	231.19471	47.3	220.6	122.80536	41.8	336.0	84.97273	38.6	330.9	70.49547	37.0
2.6402	215.6	289.72808	49.2	220.6	251.76865	48.0	210.6	108.40693	40.7	341.0	95.11048	39.6	225.6	81.77104	38.3
2.6896	225.6	320.82415	50.1	220.6	186.58947	45.4	230.7	174.65503	44.8	351.0	92.18689	39.3	356.0	71.87804	37.1
2.7429	225.6	325.35721	50.2	220.6	233.00196	47.3	230.7	147.74841	43.4	351.0	75.68953	37.6	215.6	70.08523	36.9
2.7897	215.6	287.30297	49.2	220.6	266.60579	48.5	210.6	100.47880	40.0	225.6	83.99323	38.5	341.0	77.48179	37.8
2.8401	225.6	332.75736	50.4	220.6	215.24264	46.7	230.7	144.94878	43.2	351.0	96.47774	39.7	346.0	64.13229	36.1
2.8954	220.6	301.56296	49.6	215.6	232.21434	47.3	225.6	137.99330	42.8	341.0	92.75896	39.3	210.6	76.57150	37.7
2.9423	225.6	323.51756	50.2	220.6	212.75785	46.6	230.7	159.38410	44.0	351.0	85.04956	38.6	215.6	62.77460	36.0
2.9949	230.7	347.11590	50.8	235.7	218.48504	46.8	225.6	161.21688	44.1	361.0	85.06589	38.6	366.0	59.42192	35.5
3.0401	215.6	333.87617	50.5	220.6	248.75233	47.9	210.6	124.33521	41.9	341.0	69.92745	36.9	336.0	67.23306	36.6
3.0899	220.6	305.36753	49.7	215.6	231.35365	47.3	225.6	130.26106	42.3	341.0	77.52624	37.8	346.0	74.83224	37.5
3.1497	215.6	320.32368	50.1	210.6	200.07449	46.0	220.6	156.65020	43.9	336.0	84.99706	38.6	330.9	51.81049	34.3
3.2001	210.6	356.12506	51.0	205.6	200.38556	46.0	215.6	146.73585	43.3	325.9	77.37254	37.8	330.9	69.41144	36.8
3.2496	225.6	310.60754	49.8	220.6	268.63478	48.6	230.7	103.44344	40.3	351.0	74.96441	37.5	346.0	71.93415	37.1
3.3027	225.6	318.15118	50.1	220.6	253.83732	48.1	230.7	125.68220	42.0	351.0	72.34343	37.2	215.6	67.57576	36.6
3.3494	225.6	316.55007	50.0	220.6	260.55384	48.3	230.7	121.54656	41.7	215.6	77.11621	37.7	351.0	66.37433	36.4
3.4001	225.6	357.05535	51.1	220.6	190.96465	45.6	230.7	188.81866	45.5	351.0	74.63412	37.5	356.0	68.10314	36.7
3.4496	215.6	312.71831	49.9	220.6	236.21415	47.5	210.6	130.89034	42.3	341.0	73.66384	37.3	336.0	61.44339	35.8
3.5000	215.6	342.93540	50.7	210.6	190.38565	45.6	220.6	174.84557	44.9	336.0	72.78209	37.2	341.0	45.79194	33.2
3.5559	225.6	288.38599	49.2	220.6	260.53655	48.3	230.7	119.12376	41.5	215.6	97.73383	39.8	351.0	78.65644	37.9
3.6072	225.6	326.66675	50.3	220.6	189.25430	45.5	230.7	177.53219	45.0	351.0	88.93623	39.0	356.0	69.89301	36.9
3.6505	220.6	348.87892	50.9	215.6	194.86088	45.8	225.6	169.13812	44.6	346.0	81.09813	38.2	341.0	76.18461	37.6
3.7000	220.6	322.94542	50.2	215.6	231.69397	47.3	225.6	124.44273	41.9	341.0	98.72220	39.9	346.0	67.21940	36.5
3.7596	215.6	295.70927	49.4	210.6	251.06734	48.0	220.6	108.03679	40.7	336.0	75.96394	37.6	330.9	73.50481	37.3
3.8099	210.6	333.13421	50.5	215.6	219.05441	46.8	205.6	136.70786	42.7	330.9	79.69010	38.0	356.0	47.88065	33.6
3.8601	210.6	363.90827	51.2	215.6	199.67993	46.0	205.6	153.25545	43.7	330.9	80.54410	38.1	325.9	61.27217	35.7
3.9120	220.6	320.64560	50.1	225.6	222.85664	47.0	215.6	142.10391	43.1	346.0	89.24029	39.0	351.0	73.67529	37.3
3.9626	225.6	296.49446	49.4	220.6	271.36283	48.7	230.7	96.02348	39.6	215.6	79.28229	38.0	346.0	78.03242	37.8
4.0123	220.6	352.99072	51.0	215.6	221.01278	46.9	225.6	153.97750	43.7	346.0	64.49596	36.2	341.0	58.52143	35.3
4.0601	225.6	322.19993	50.2	230.7	217.05044	46.7	220.6	156.91628	43.9	356.0	77.76728	37.8	351.0	67.46999	36.6
4.1124	220.6	311.18587	49.9	225.6	239.46229	47.6	215.6	129.08809	42.2	346.0	95.57623	39.6	230.7	68.56090	36.7
4.1601	225.6	292.41794	49.3	220.6	259.42307	48.3	230.7	112.79185	41.0	351.0	81.63391	38.2	215.6	77.90996	37.8
4.2143	225.6	316.75341	50.0	220.6	224.62040	47.0	230.7	144.40819	43.2	351.0	97.02699	39.7	215.6	60.47093	35.6
4.2611	225.6	288.88776	49.2	220.6	270.96875	48.7	351.0	92.19907	39.3	230.7	90.03427	39.1	215.6	86.44130	38.7
4.3123	215.6	279.75138	48.9	220.6	277.43406	48.9	210.6	99.72362	40.0	225.6	91.00334	39.2	341.0	89.52431	39.0
4.3601	215.6	356.08584	51.0	220.6	193.21860	45.7	210.6	154.55439	43.8	336.0	88.30825	38.9	341.0	70.26767	36.9
4.4195	215.6	355.66534	51.0	220.6	205.99643	46.3	210.6	152.56311	43.7	336.0	88.01862	38.9	341.0	73.71709	37.4
4.4695	215.6	314.48122	50.0	210.6	234.52605	47.4	220.6	125.21412	42.0	336.0	77.78986	37.8	330.9	57.12301	35.1
4.5201	220.6	326.18281	50.3	215.6	208.79096	46.4	225.6	139.40777	42.9	341.0	97.82768	39.8	346.0	91.08538	39.2
4.5695	225.6	298.31960	49.5	220.6	242.08276	47.7	230.7	118.21196	41.5	351.0	98.29370	39.9	346.0	74.83395	37.5
4.6226	220.6	345.78115	50.8	225.6	179.78676	45.1	215.6	173.78328	44.8	346.0	94.04807	39.5	341.0	72.82207	37.2
4.6696	225.6	316.80099	50.0	220.6	222.39034	46.9	230.7	146.73014	43.3	351.0	84.36287	38.5	215.6	66.87819	36.5
4.7238	220.6	350.87082	50.9	215.6	204.39938	46.2	225.6	162.29674	44.2	341.0	70.06772	36.9	346.0	69.72306	36.9
4.7695	220.6	280.16329	48.9	225.6	273.11839	48.7	215.6	107.76630	40.6	230.7	97.29625	39.8	346.0	79.51503	38.0
4.8258	225.6	322.90911	50.2	220.6	236.08716	47.5	230.7	140.93589	43.0	351.0	82.60125	38.3	215.6	53.48606	34.6
4.8703	225.6	312.06211	49.9	220.6	247.02329	47.9	230.7	121.93313	41.7	351.0	85.40083	38.6	215.6	68.39188	36.7
4.9237	220.6	350.46849	50.9	225.6	209.78579	46.4	215.6	153.22475	43.7	346.0	83.50214	38.4	351.0	62.37479	35.9
4.9694	215.6	306.46979	49.7	210.6	231.29454	47.3	220.6	122.54569	41.8	336.0	80.74069	38.1	330.9	64.44395	36.2
5.0288	215.6	291.11394	49.3	220.6	268.65951	48.6	210.6	98.85683	39.9	225.6	76.91846	37.7	341.0	76.48361	37.7
5.0801	215.6	286.15405	49.1	210.6	257.34337	48.2	220.6	98.01665	39.8	336.0	80.35630	38.1	330.9	79.90251	38.1
5.1299	220.6	289.95443	49.2	225.6	256.12878	48.2	215.6	123.77633	41.9	230.7	92.28480	39.3	346.0	78.27435	37.9
5.1799	220.6	346.17384	50.8	215.6	198.68314	46.0	225.6	171.58963	44.7	346.0	79.27436	38.0	341.0	55.11482	34.8
5.2299	220.6	306.82157	49.7	215.6	248.40173	47.9	225.6	116.98807	41.4	341.0	96.18669	39.7	346.0	71.15471	37.0
5.2828	225.6	320.77908	50.1	220.6	215.09741	46.7	230.7	158.69505	44.0	351.0	85.11812	38.6	215.6	67.08104	36.5
5.3344	220.6	284.43747	49.1	215.6	264.49672	48.4	225.6	102.03468	40.2	341.0	87.55043	38.8	210.6	80.46310	38.1
5.3800	225.6	328.23226	50.3	220.6	227.65211	47.1	230.7	130.35447	42.3	351.0	101.60977	40.1	346.0	61.58134	35.8
5.4354	225.6	309.55357	49.8	230.7	232.26788	47.3	220.6	137.01767	42.7	356.0	89.68726	39.1	351.0	73.23769	37.3
5.4823	225.6	317.42385	50.0	220.6	218.19402	46.8	230.7	150.92547	43.6	351.0	86.24966	38.7	215.6	66.86545	36.5
5.5299	220.6	327.50934	50.3	215.6	182.50179	45.2	225.6	178.59695	45.0	346.0	98.29075	39.9	341.0	66.22320	36.4
5.5801	215.6	345.68291	50.8	220.6	220.29213	46.9	210.6	141.43699	43.0	336.0	84.24950	38.5	341.0	79.37156	38.0
5.6394	215.6	300.61329	49.6	210.6	232.33197	47.3	220.6	128.97429	42.2	336.0	83.93309	38.5	205.6	75.52689	37.6
5.6899	215.6	290.07743	49.3	210.6	243.37045	47.7	220.6	118.10058	41.4	205.6	86.32631	38.7	336.0	84.43737	38.5
5.7399	220.6	296.95725	49.5	225.6	213.67026	46.6	215.6	150.63229	43.6	346.0	103.02980	40.3	230.7	68.29093	36.7
5.7897	220.6	339.36778	50.6	215.6	194.34483	45.8	225.6	174.96455	44.9	346.0	86.08994	38.7	341.0	75.34531	37.5
5.8400	225.6	321.39805	50.1	220.6	201.66714	46.1	230.7	167.36582	44.5	351.0	84.93157	38.6	356.0	68.64575	36.7
5.8938	225.6	323.14057	50.2	220.6	217.76754	46.8	230.7	159.22123	44.0	351.0	84.71602	38.6	215.6	63.42501	36.0
5.9400	225.6	329.87129	50.4	220.6	203.76538	46.2	230.7	163.36873	44.3	351.0	83.92378	38.5	356.0	66.73243	36.5
5.9897	220.6	322.18917	50.2	225.6	238.72726	47.6	215.6	135.09555	42.6	346.0	80.84406	38.2	351.0	52.83858	34.5
6.0399	220.6	332.71253	50.4	225.6	217.50603	46.7	215.6	149.91068	43.5	346.0	81.42385	38.2	351.0	54.73929	34.8
6.0947	215.6	365.84377	51.3	210.6	200.67533	46.0	220.6	158.48008	44.0	336.0	88.38255	38.9	341.0	54.98304	34.8
6.1424	215.6	307.30592	49.8	210.6	216.48850	46.7	220.6	137.56473	42.8	336.0	88.47531	38.9	205.6	65.10671	36.3
6.1978	220.6	303.96332	49.7	215.6	227.67530	47.1	225.6	139.56988	42.9	341.0	88.09656	38.9	346.0	80.11635	38.1
6.2497	215.6	331.35730	50.4	220.6	189.12684	45.5	210.6	155.87733	43.9	336.0	102.20434	40.2	341.0	84.62126	38.5
6.2999	220.6	319.44392	50.1	225.6	210.87592	46.5	215.6	150.91586	43.6	346.0	95.93918	39.6	351.0	69.10432	36.8
6.3497	210.6	282.28582	49.0	215.6	281.42745	49.0	205.6	88.52255	38.9	220.6	84.82532	38.6	330.9	64.77096	36.2
6.4001	220.6	309.28357	49.8	225.6	211.75889	46.5	215.6	158.23865	44.0	346.0	85.56659	38.6	341.0	62.38740	35.9
6.4497	225.6	282.14035	49.0	220.6	276.11533	48.8	215.6	102.77617	40.2	230.7	102.14151	40.2	351.0	71.93913	37.1
6.5011	225.6	330.36256	50.4	220.6	229.57245	47.2	230.7	149.90434	43.5	351.0	74.74676	37.5	215.6	49.37615	33.9
6.5499	225.6	321.67394	50.1	220.6	225.18580	47.1	230.7	145.92328	43.3	351.0	84.67585	38.6	215.6	57.14006	35.1
6.6000	225.6	359.93754	51.1	220.6	200.27095	46.0	230.7	160.09641	44.1	351.0	102.13498	40.2	356.0	80.34493	38.1
6.6497	220.6	278.02863	48.9	215.6	258.21756	48.2	225.6	115.62738	41.3	210.6	95.48854	39.6	341.0	88.28825	38.9
6.6999	220.6	344.48203	50.7	215.6	214.65976	46.6	225.6	128.07180	42.1	341.0	82.62876	38.3	346.0	82.29538	38.3
6.7557	225.6	268.71923	48.6	220.6	261.02291	48.3	230.7	122.77143	41.8	215.6	105.86891	40.5	351.0	86.81245	38.8
6.8032	215.6	308.19608	49.8	210.6	214.67356	46.6	220.6	136.86330	42.7	336.0	95.82293	39.6	330.9	61.31190	35.8
6.8507	220.6	333.29827	50.5	215.6	194.09542	45.8	225.6	159.10406	44.0	346.0	90.39120	39.1	341.0	77.91618	37.8
6.9097	215.6	309.53395	49.8	220.6	249.85226	48.0	210.6	120.08875	41.6	341.0	70.40049	37.0	225.6	57.36751	35.2
6.9599	215.6	322.69754	50.2	210.6	222.91567	47.0	220.6	130.41772	42.3	336.0	82.40159	38.3	330.9	53.92365	34.6
7.0097	215.6	297.37082	49.5	210.6	243.48711	47.7	220.6	104.22332	40.4	336.0	84.71614	38.6	330.9	68.14896	36.7
7.0600	220.6	291.11767	49.3	225.6	271.68067	48.7	215.6	109.46797	40.8	230.7	90.50255	39.1	346.0	66.06216	36.4
7.1098	220.6	361.55349	51.2	215.6	202.75846	46.1	225.6	166.91746	44.5	346.0	65.23127	36.3	341.0	50.22873	34.0
7.1611	220.6	352.71138	50.9	215.6	202.11618	46.1	225.6	166.27278	44.4	346.0	74.97474	37.5	341.0	66.22616	36.4
7.2133	220.6	352.96510	51.0	215.6	203.28825	46.2	225.6	154.28320	43.8	346.0	87.72981	38.9	341.0	70.46893	37.0
7.2637	220.6	320.69424	50.1	215.6	207.53749	46.3	225.6	150.18196	43.5	346.0	97.59756	39.8	341.0	79.92364	38.1
7.3134	225.6	299.45207	49.5	220.6	254.45221	48.1	230.7	113.33276	41.1	215.6	89.69651	39.1	351.0	89.61754	39.0
7.3654	230.7	292.29953	49.3	225.6	243.40769	47.7	235.7	133.83596	42.5	356.0	93.49653	39.4	361.0	85.45057	38.6
7.4133	220.6	276.00660	48.8	215.6	269.07083	48.6	225.6	97.56395	39.8	210.6	89.47929	39.0	341.0	87.46669	38.8
7.4601	220.6	309.75718	49.8	215.6	243.76773	47.7	225.6	125.98020	42.0	341.0	92.82421	39.4	210.6	70.76650	37.0
7.5197	215.6	314.79609	50.0	220.6	211.91020	46.5	210.6	144.38988	43.2	341.0	76.43630	37.7	336.0	73.49663	37.3
7.5699	215.6	297.39675	49.5	210.6	245.78324	47.8	220.6	109.76719	40.8	336.0	81.89911	38.3	330.9	75.35845	37.5
7.6199	220.6	302.60413	49.6	225.6	226.11603	47.1	215.6	131.16011	42.4	346.0	108.65143	40.7	351.0	72.52920	37.2
7.6697	220.6	322.03935	50.2	225.6	198.98014	46.0	215.6	165.50592	44.4	346.0	96.85522	39.7	341.0	56.79718	35.1
7.7201	220.6	327.49731	50.3	225.6	188.89129	45.5	215.6	173.17204	44.8	346.0	94.80199	39.5	351.0	61.76463	35.8
7.7696	225.6	277.35887	48.9	220.6	271.35871	48.7	215.6	96.38573	39.7	230.7	94.12142	39.5	351.0	84.65215	38.6
7.8221	220.6	344.02954	50.7	225.6	182.54301	45.2	215.6	174.90243	44.9	346.0	88.09939	38.9	341.0	75.69202	37.6
7.8700	225.6	311.24525	49.9	220.6	208.41154	46.4	230.7	154.07373	43.8	351.0	92.82270	39.4	356.0	62.26325	35.9
7.9238	225.6	334.38035	50.5	230.7	209.90711	46.4	220.6	171.85991	44.7	356.0	76.53264	37.7	351.0	73.86917	37.4
7.9700	225.6	321.28820	50.1	220.6	244.43318	47.8	230.7	128.17308	42.2	351.0	84.72303	38.6	215.6	65.68366	36.3
8.0202	225.6	316.07451	50.0	220.6	234.15475	47.4	230.7	138.30331	42.8	351.0	84.19139	38.5	215.6	63.04897	36.0
8.0698	215.6	318.05669	50.1	210.6	201.70516	46.1	220.6	150.81325	43.6	336.0	85.81810	38.7	205.6	69.62974	36.9
8.1239	215.6	294.67338	49.4	210.6	266.24565	48.5	220.6	99.33871	39.9	205.6	85.95395	38.7	330.9	70.33406	36.9
8.1793	210.6	281.88623	49.0	215.6	267.86285	48.6	205.6	85.10768	38.6	330.9	83.45573	38.4	220.6	77.64656	37.8
8.2295	215.6	277.04009	48.9	220.6	266.12415	48.5	210.6	102.51439	40.2	225.6	89.40665	39.0	341.0	84.90372	38.6
8.2800	225.6	289.00249	49.2	220.6	255.84359	48.2	230.7	120.74738	41.6	351.0	95.14901	39.6	215.6	79.46845	38.0
8.3299	220.6	338.47532	50.6	215.6	222.55132	46.9	225.6	136.68243	42.7	341.0	87.73173	38.9	346.0	76.60118	37.7
8.3800	220.6	284.84812	49.1	225.6	270.82617	48.7	215.6	104.32519	40.4	346.0	88.72035	39.0	351.0	80.75713	38.1
8.4330	225.6	313.68219	49.9	220.6	243.57755	47.7	230.7	124.08542	41.9	351.0	96.88885	39.7	346.0	63.36198	36.0
8.4798	220.6	310.25022	49.8	215.6	227.49801	47.1	225.6	135.37160	42.6	341.0	82.14015	38.3	346.0	78.96588	37.9
8.5296	220.6	360.06310	51.1	225.6	189.33879	45.5	215.6	182.21496	45.2	346.0	71.62868	37.1	341.0	54.56215	34.7
8.5850	215.6	318.65176	50.1	220.6	245.06792	47.8	210.6	118.82816	41.5	341.0	80.91450	38.2	336.0	59.51272	35.5
8.6357	225.6	318.90984	50.1	220.6	221.84947	46.9	230.7	148.43893	43.4	351.0	85.79445	38.7	356.0	54.80377	34.8
8.6868	220.6	320.99201	50.1	215.6	212.30263	46.5	225.6	149.05585	43.5	346.0	87.29081	38.8	341.0	77.24634	37.8
8.7298	220.6	338.03758	50.6	215.6	194.20678	45.8	225.6	173.21582	44.8	346.0	86.02852	38.7	341.0	68.08953	36.7
8.7897	220.6	342.67602	50.7	225.6	228.99020	47.2	215.6	138.69903	42.8	346.0	84.04419	38.5	351.0	55.02011	34.8
8.8399	215.6	288.13892	49.2	210.6	243.32349	47.7	220.6	112.15771	41.0	336.0	88.86013	39.0	205.6	83.62447	38.4
8.8896	215.6	291.55094	49.3	210.6	253.04358	48.1	220.6	116.99295	41.4	205.6	97.36079	39.8	336.0	75.68190	37.6
8.9401	225.6	283.25998	49.0	220.6	264.26040	48.4	230.7	116.16178	41.3	215.6	111.27016	40.9	351.0	80.69830	38.1
8.9896	220.6	335.85960	50.5	215.6	210.97756	46.5	225.6	151.07056	43.6	346.0	82.23604	38.3	341.0	72.78437	37.2
9.0400	225.6	316.49858	50.0	220.6	247.50441	47.9	230.7	131.51369	42.4	351.0	80.59494	38.1	215.6	79.37500	38.0
9.0937	225.6	324.61907	50.2	220.6	211.31684	46.5	230.7	161.82571	44.2	351.0	85.41871	38.6	215.6	65.63908	36.3
9.1401	215.6	323.73980	50.2	220.6	209.59316	46.4	210.6	148.35995	43.4	341.0	74.59143	37.5	336.0	72.76296	37.2
9.1896	220.6	310.83367	49.9	225.6	236.72563	47.5	215.6	132.31543	42.4	346.0	86.24581	38.7	351.0	75.27488	37.5
9.2468	220.6	278.17415	48.9	225.6	264.28377	48.4	351.0	103.13173	40.3	215.6	96.21525	39.7	230.7	87.81946	38.9
9.2957	215.6	304.65204	49.7	210.6	221.24062	46.9	220.6	129.12472	42.2	336.0	90.66261	39.1	330.9	62.45203	35.9
9.3417	215.6	302.28231	49.6	210.6	222.00336	46.9	220.6	140.66344	43.0	336.0	82.25943	38.3	205.6	78.29198	37.9
9.3994	220.6	287.93790	49.2	215.6	270.24649	48.6	210.6	101.64209	40.1	225.6	95.43690	39.6	341.0	86.58450	38.7
9.4497	215.6	360.22869	51.1	210.6	183.48401	45.3	220.6	178.76555	45.0	336.0	86.73301	38.8	341.0	65.73327	36.4
9.5002	210.6	280.66406	49.0	215.6	247.20696	47.9	330.9	99.85603	40.0	205.6	99.18348	39.9	336.0	81.92727	38.3
9.5497	220.6	344.82200	50.8	215.6	203.02994	46.2	225.6	158.13772	44.0	346.0	84.21258	38.5	341.0	73.01313	37.3
9.6004	225.6	288.27686	49.2	220.6	257.28881	48.2	230.7	116.21719	41.3	215.6	91.37951	39.2	351.0	78.86713	37.9
9.6534	225.6	324.94777	50.2	220.6	209.37436	46.4	230.7	167.56415	44.5	351.0	78.12820	37.9	356.0	57.38766	35.2
9.7009	225.6	340.98041	50.7	230.7	190.12289	45.6	220.6	183.77948	45.3	351.0	76.65773	37.7	356.0	69.78135	36.9
9.7498	225.6	312.84265	49.9	230.7	248.35507	47.9	220.6	122.71428	41.8	356.0	90.52038	39.1	235.7	64.41365	36.2
9.8000	220.6	324.37316	50.2	215.6	191.10856	45.6	225.6	161.65046	44.2	346.0	95.47975	39.6	341.0	83.29284	38.4
9.8497	215.6	361.06317	51.2	220.6	186.49938	45.4	210.6	173.23389	44.8	336.0	90.76678	39.2	341.0	66.19997	36.4
9.9053	225.6	304.06728	49.7	220.6	243.63693	47.7	230.7	125.04207	41.9	351.0	91.09151	39.2	215.6	75.63619	37.6
9.9579	215.6	262.85055	48.4	210.6	261.16305	48.3	220.6	100.98181	40.1	205.6	96.98031	39.7	330.9	83.89384	38.5
10.0001	220.6	302.02605	49.6	215.6	244.88510	47.8	225.6	116.52660	41.3	341.0	97.06096	39.7	210.6	81.83024	38.3
10.0599	220.6	348.45702	50.8	225.6	181.04647	45.2	215.6	170.61470	44.6	346.0	98.67781	39.9	351.0	66.48030	36.5
10.1097	215.6	272.34328	48.7	210.6	259.11694	48.3	205.6	95.84490	39.6	220.6	94.62324	39.5	330.9	87.29228	38.8
10.1614	225.6	296.00831	49.4	220.6	244.93774	47.8	230.7	137.14665	42.7	215.6	94.34170	39.5	351.0	82.57923	38.3
10.2097	220.6	345.38423	50.8	215.6	237.08208	47.5	225.6	128.01856	42.1	341.0	72.09908	37.2	346.0	66.75320	36.5
10.2599	225.6	299.67991	49.5	220.6	256.86698	48.2	230.7	125.50158	42.0	215.6	89.55258	39.0	351.0	74.79915	37.5
10.3134	220.6	313.47277	49.9	215.6	247.53652	47.9	225.6	124.58310	41.9	341.0	84.10098	38.5	210.6	70.89525	37.0
10.3609	225.6	310.25303	49.8	220.6	235.40791	47.4	230.7	140.91844	43.0	351.0	88.06867	38.9	215.6	65.13810	36.3
10.4144	220.6	281.74303	49.0	225.6	238.64800	47.6	215.6	119.31806	41.5	346.0	93.40309	39.4	230.7	87.72624	38.9
10.4601	215.6	307.59636	49.8	220.6	237.18717	47.5	210.6	125.14623	41.9	341.0	76.07569	37.6	336.0	67.43275	36.6
10.5144	225.6	293.21506	49.3	220.6	261.71303	48.4	230.7	112.04467	41.0	215.6	82.24229	38.3	351.0	78.64893	37.9
10.5674	215.6	316.24736	50.0	210.6	196.12647	45.9	220.6	150.72737	43.6	336.0	88.20887	38.9	341.0	56.44710	35.0
10.6152	220.6	287.20738	49.2	215.6	251.83829	48.0	225.6	113.44054	41.1	341.0	83.19921	38.4	210.6	81.30962	38.2
10.6697	220.6	319.47090	50.1	225.6	243.01889	47.7	215.6	117.00649	41.4	351.0	81.62216	38.2	346.0	81.42434	38.2
10.7200	220.6	317.16525	50.0	215.6	230.63126	47.3	225.6	139.05751	42.9	341.0	78.40794	37.9	346.0	72.94351	37.3
10.7698	215.6	358.58558	51.1	220.6	191.35432	45.6	210.6	164.98575	44.3	336.0	86.38501	38.7	341.0	70.61115	37.0
10.8200	220.6	336.93891	50.6	215.6	183.79674	45.3	225.6	169.62165	44.6	346.0	91.84545	39.3	341.0	74.65350	37.5
10.8696	220.6	310.78598	49.8	225.6	227.09511	47.1	215.6	151.32659	43.6	346.0	87.40300	38.8	230.7	78.36201	37.9
10.9241	225.6	306.10230	49.7	220.6	249.61472	47.9	230.7	120.08454	41.6	351.0	85.43556	38.6	215.6	85.22141	38.6
10.9717	225.6	318.79039	50.1	220.6	214.49054	46.6	230.7	151.57822	43.6	351.0	92.19062	39.3	356.0	65.09821	36.3
11.0199	225.6	306.20893	49.7	220.6	234.21302	47.4	230.7	128.16713	42.2	351.0	90.14995	39.1	346.0	62.66350	35.9
11.0696	220.6	288.38454	49.2	215.6	265.75711	48.5	225.6	101.74696	40.2	210.6	79.23375	38.0	341.0	78.30827	37.9
11.1238	215.6	314.50332	50.0	210.6	233.97515	47.4	220.6	129.22714	42.2	336.0	75.35549	37.5	205.6	52.30061	34.4
11.1773	215.6	284.33429	49.1	210.6	263.21167	48.4	220.6	92.24991	39.3	336.0	85.49539	38.6	205.6	80.70050	38.1
11.2296	220.6	276.29431	48.8	215.6	266.41344	48.5	225.6	102.85331	40.2	210.6	88.99203	39.0	341.0	84.21245	38.5
11.2808	220.6	344.48984	50.7	215.6	220.25146	46.9	225.6	124.80117	41.9	346.0	76.23799	37.6	341.0	71.10025	37.0
11.3297	220.6	297.56320	49.5	225.6	250.60747	48.0	215.6	129.37995	42.2	230.7	90.82536	39.2	346.0	86.25602	38.7
11.3803	225.6	308.66465	49.8	220.6	244.41948	47.8	230.7	128.04586	42.1	351.0	80.78744	38.1	215.6	67.54506	36.6
11.4297	225.6	313.23556	49.9	220.6	248.11401	47.9	230.7	129.91319	42.3	351.0	78.06846	37.8	215.6	71.00833	37.0
11.4799	225.6	311.48977	49.9	220.6	249.40023	47.9	230.7	117.39993	41.4	351.0	84.45499	38.5	215.6	68.84289	36.8
11.5297	220.6	308.75726	49.8	215.6	248.10402	47.9	225.6	123.81204	41.9	341.0	87.96368	38.9	346.0	65.76809	36.4
11.5802	215.6	321.03513	50.1	220.6	198.23949	45.9	210.6	158.21957	44.0	341.0	80.09104	38.1	336.0	78.61789	37.9
11.6343	225.6	318.81176	50.1	220.6	204.44264	46.2	230.7	164.92668	44.3	351.0	89.60441	39.0	356.0	72.68802	37.2
11.6868	220.6	297.96872	49.5	215.6	250.15229	48.0	225.6	117.28867	41.4	341.0	90.93625	39.2	210.6	73.49904	37.3
11.7298	225.6	345.21151	50.8	220.6	203.85145	46.2	230.7	172.93254	44.8	351.0	81.75963	38.3	356.0	60.16943	35.6
11.7852	215.6	365.41803	51.3	210.6	182.71603	45.2	220.6	172.63100	44.7	336.0	81.61554	38.2	341.0	61.62321	35.8
11.8338	215.6	277.87249	48.9	210.6	272.32728	48.7	220.6	84.51342	38.5	205.6	82.22075	38.3	330.9	78.28108	37.9
11.8897	220.6	322.31012	50.2	215.6	224.07917	47.0	225.6	136.87786	42.7	341.0	84.12854	38.5	346.0	81.06478	38.2
11.9399	215.6	300.50267	49.6	220.6	247.35257	47.9	210.6	122.94708	41.8	341.0	77.32543	37.8	225.6	76.03591	37.6
11.9896	215.6	339.90446	50.6	210.6	218.86830	46.8	220.6	135.89231	42.7	336.0	86.46558	38.7	330.9	51.20891	34.2
12.0400	225.6	314.28049	49.9	220.6	243.03184	47.7	230.7	131.28936	42.4	351.0	80.56026	38.1	215.6	66.45616	36.5
12.0896	225.6	319.94056	50.1	220.6	234.66380	47.4	230.7	147.60767	43.4	351.0	78.67190	37.9	215.6	73.37419	37.3
12.1400	225.6	286.63982	49.1	220.6	276.70153	48.8	215.6	105.12798	40.4	230.7	100.66772	40.1	351.0	78.48181	37.9
12.1897	235.7	238.03336	47.5	230.7	216.84294	46.7	240.7	141.12187	43.0	225.6	105.96555	40.5	366.0	58.47436	35.3
12.2399	240.7	77.07299	37.7	245.7	72.23785	37.2	235.7	65.98759	36.4	250.7	52.77562	34.4	230.7	49.24961	33.8
