# LRA Top-5 Frequency Peaks — Condensed Summary
# Source file: ramp_90to70BPM_12s_210Hz.wav
# Generated:   2026-07-17 14:00:34
# Accel sample rate: 1685.7-2041.3 Hz per-window range (1910.2 Hz overall)
# Freq resolution:   5.00 Hz per bin (peaks below are quantized to this common grid;
#                    each window measured at its own real rate, then
#                    resampled here for cross-window comparability)
# Rows:        246
#
# For each time window, the top 5 frequency peaks by magnitude,
# sorted strongest first. Each peak is reported in BOTH units:
#   peakN_g  = linear amplitude in g (true physical intensity)
#   peakN_db = 20*log10(g) (compressed range — easier to compare
#              strong vs weak components, e.g. Shepard octave partners)
#
# NOTE: adjacent bins around one physical tone can both appear as
# separate 'peaks' — treat peaks within 1-2 bins of each other as
# the same component.
#
time_s	peak1_hz	peak1_g	peak1_db	peak2_hz	peak2_g	peak2_db	peak3_hz	peak3_g	peak3_db	peak4_hz	peak4_g	peak4_db	peak5_hz	peak5_g	peak5_db
0.4358	115.0	0.25221	-12.0	155.0	0.25134	-12.0	120.0	0.23175	-12.7	70.0	0.22361	-13.0	160.0	0.21862	-13.2
0.4808	110.0	0.40777	-7.8	115.0	0.36831	-8.7	170.0	0.33240	-9.6	105.0	0.32929	-9.6	50.0	0.31288	-10.1
0.5338	175.0	0.38783	-8.2	55.0	0.36103	-8.8	60.0	0.33632	-9.5	180.0	0.29611	-10.6	105.0	0.29561	-10.6
0.5818	60.0	0.43974	-7.1	85.0	0.38959	-8.2	65.0	0.34032	-9.4	55.0	0.31550	-10.0	90.0	0.30977	-10.2
0.6295	60.0	0.32117	-9.9	55.0	0.25834	-11.8	85.0	0.25139	-12.0	215.0	0.24417	-12.2	200.0	0.24110	-12.4
0.6731	200.0	0.31732	-10.0	110.0	0.30460	-10.3	205.0	0.28413	-10.9	245.0	0.27804	-11.1	105.0	0.26336	-11.6
0.7195	365.0	0.27602	-11.2	195.0	0.25901	-11.7	240.0	0.25657	-11.8	235.0	0.25439	-11.9	135.0	0.24772	-12.1
0.7695	205.0	0.35911	-8.9	210.0	0.27558	-11.2	115.0	0.27066	-11.4	350.0	0.25931	-11.7	70.0	0.25121	-12.0
0.8199	200.0	0.33368	-9.5	125.0	0.31045	-10.2	120.0	0.29467	-10.6	145.0	0.29096	-10.7	210.0	0.28129	-11.0
0.8727	235.0	49.92760	34.0	230.0	48.55236	33.7	240.0	45.07003	33.1	225.0	41.68486	32.4	245.0	35.35549	31.0
0.9219	225.0	214.52523	46.6	230.0	204.16489	46.2	220.0	135.48274	42.6	235.0	124.05712	41.9	215.0	64.83904	36.2
0.9809	225.0	287.41862	49.2	230.0	250.33900	48.0	220.0	165.64002	44.4	235.0	118.32299	41.5	215.0	74.98527	37.5
1.0396	235.0	148.12028	43.4	230.0	128.35584	42.2	240.0	126.12247	42.0	225.0	86.12542	38.7	245.0	78.67475	37.9
1.0895	230.0	27.94873	28.9	235.0	26.88620	28.6	225.0	25.98919	28.3	220.0	23.37199	27.4	240.0	22.03384	26.9
1.1308	210.0	5.95543	15.5	215.0	5.33083	14.5	205.0	5.12479	14.2	200.0	3.52884	11.0	220.0	3.28323	10.3
1.1825	70.0	0.36882	-8.7	105.0	0.36796	-8.7	150.0	0.35752	-8.9	65.0	0.35712	-8.9	100.0	0.33819	-9.4
1.2308	95.0	0.31820	-9.9	150.0	0.31729	-10.0	65.0	0.31287	-10.1	90.0	0.30504	-10.3	125.0	0.27898	-11.1
1.2808	130.0	0.35961	-8.9	65.0	0.30773	-10.2	70.0	0.30144	-10.4	75.0	0.28766	-10.8	135.0	0.28152	-11.0
1.3308	110.0	0.30374	-10.3	130.0	0.29837	-10.5	65.0	0.29560	-10.6	75.0	0.28855	-10.8	240.0	0.27783	-11.1
1.3789	105.0	0.31888	-9.9	120.0	0.28547	-10.9	75.0	0.27608	-11.2	245.0	0.25963	-11.7	110.0	0.25335	-11.9
1.4280	100.0	0.39773	-8.0	120.0	0.39446	-8.1	105.0	0.38530	-8.3	80.0	0.30702	-10.3	115.0	0.29630	-10.6
1.4733	145.0	0.40392	-7.9	140.0	0.37774	-8.5	100.0	0.32412	-9.8	120.0	0.30788	-10.2	125.0	0.28789	-10.8
1.5250	235.0	7.25817	17.2	230.0	7.20650	17.2	240.0	7.19168	17.1	225.0	7.00905	16.9	245.0	6.51494	16.3
1.5733	235.0	114.70709	41.2	240.0	107.08046	40.6	230.0	95.32755	39.6	245.0	78.94082	37.9	225.0	61.29142	35.7
1.6211	225.0	280.01964	48.9	230.0	242.57876	47.7	220.0	165.73939	44.4	235.0	119.88965	41.6	420.0	69.09738	36.8
1.6844	230.0	258.39344	48.2	225.0	231.17954	47.3	235.0	153.67905	43.7	220.0	110.03703	40.8	425.0	58.81390	35.4
1.7395	220.0	85.52351	38.6	225.0	84.89888	38.6	215.0	63.24621	36.0	230.0	60.19688	35.6	210.0	39.36286	31.9
1.7895	210.0	14.23040	23.1	215.0	13.73353	22.8	220.0	12.18749	21.7	230.0	11.75089	21.4	225.0	11.66087	21.3
1.8399	205.0	2.36788	7.5	200.0	2.07351	6.3	210.0	1.92479	5.7	195.0	1.42017	3.0	215.0	1.25590	2.0
1.8795	210.0	0.35162	-9.1	155.0	0.32218	-9.8	205.0	0.30805	-10.2	150.0	0.28025	-11.0	235.0	0.27539	-11.2
1.9363	210.0	0.43808	-7.2	185.0	0.34947	-9.1	150.0	0.32085	-9.9	205.0	0.31688	-10.0	180.0	0.30787	-10.2
1.9814	145.0	0.37499	-8.5	140.0	0.30279	-10.4	175.0	0.28203	-11.0	195.0	0.26517	-11.5	150.0	0.26296	-11.6
2.0295	110.0	0.43719	-7.2	115.0	0.40986	-7.7	120.0	0.38814	-8.2	105.0	0.34097	-9.3	50.0	0.30041	-10.4
2.0795	120.0	0.39063	-8.2	115.0	0.34723	-9.2	70.0	0.34525	-9.2	75.0	0.30016	-10.5	110.0	0.29580	-10.6
2.1295	100.0	0.33755	-9.4	75.0	0.25024	-12.0	150.0	0.24692	-12.1	70.0	0.24260	-12.3	105.0	0.23550	-12.6
2.1790	100.0	0.37011	-8.6	95.0	0.35095	-9.1	105.0	0.31075	-10.2	145.0	0.25861	-11.7	150.0	0.25766	-11.8
2.2198	245.0	24.67004	27.8	240.0	24.17551	27.7	250.0	23.25991	27.3	235.0	22.11476	26.9	255.0	20.05788	26.0
2.2732	230.0	176.66685	44.9	225.0	154.66433	43.8	235.0	137.98229	42.8	220.0	95.05682	39.6	240.0	71.95288	37.1
2.3295	225.0	312.63065	49.9	230.0	220.34159	46.9	220.0	211.04476	46.5	415.0	79.77017	38.0	215.0	68.92032	36.8
2.3930	225.0	214.77730	46.6	220.0	180.00453	45.1	230.0	139.96667	42.9	215.0	87.99998	38.9	415.0	46.19044	33.3
2.4401	235.0	50.22063	34.0	230.0	49.91194	34.0	225.0	43.16229	32.7	240.0	41.16539	32.3	220.0	34.40370	30.7
2.4939	210.0	9.03213	19.1	205.0	8.59305	18.7	215.0	7.15428	17.1	200.0	6.38503	16.1	225.0	5.90649	15.4
2.5395	205.0	0.78152	-2.1	210.0	0.75461	-2.4	200.0	0.75402	-2.5	195.0	0.73080	-2.7	215.0	0.68535	-3.3
2.5896	185.0	0.45777	-6.8	180.0	0.31041	-10.2	190.0	0.28669	-10.9	85.0	0.27652	-11.2	80.0	0.26856	-11.4
2.6390	190.0	0.40420	-7.9	110.0	0.31347	-10.1	105.0	0.30751	-10.2	75.0	0.30528	-10.3	195.0	0.27680	-11.2
2.6875	110.0	0.45378	-6.9	105.0	0.43211	-7.3	195.0	0.29480	-10.6	200.0	0.26374	-11.6	80.0	0.26032	-11.7
2.7340	105.0	0.33366	-9.5	100.0	0.28937	-10.8	75.0	0.28532	-10.9	50.0	0.26129	-11.7	150.0	0.24449	-12.2
2.7819	85.0	0.25527	-11.9	80.0	0.23181	-12.7	50.0	0.23017	-12.8	120.0	0.21285	-13.4	125.0	0.20208	-13.9
2.8296	100.0	0.34199	-9.3	105.0	0.31711	-10.0	130.0	0.26385	-11.6	125.0	0.26377	-11.6	180.0	0.24431	-12.2
2.8796	105.0	0.50931	-5.9	110.0	0.43082	-7.3	185.0	0.38965	-8.2	180.0	0.38558	-8.3	100.0	0.30040	-10.4
2.9295	240.0	32.08212	30.1	235.0	31.97293	30.1	245.0	29.07923	29.3	230.0	29.00543	29.2	250.0	23.82127	27.5
2.9720	230.0	187.46705	45.5	235.0	180.54029	45.1	225.0	129.09826	42.2	240.0	116.36158	41.3	220.0	67.04515	36.5
3.0364	235.0	329.84466	50.4	230.0	273.88416	48.8	240.0	190.40667	45.6	225.0	89.07134	39.0	430.0	67.26013	36.6
3.0934	225.0	198.32432	45.9	230.0	187.39248	45.5	220.0	120.91145	41.6	235.0	99.27890	39.9	215.0	53.47017	34.6
3.1411	240.0	42.94606	32.7	235.0	40.70265	32.2	245.0	40.07336	32.1	230.0	35.72955	31.1	250.0	29.16385	29.3
3.1896	210.0	8.00369	18.1	205.0	7.56133	17.6	215.0	6.30101	16.0	200.0	5.44789	14.7	220.0	4.11994	12.3
3.2399	210.0	0.66046	-3.6	200.0	0.64664	-3.8	195.0	0.55036	-5.2	215.0	0.51164	-5.8	205.0	0.47994	-6.4
3.2895	145.0	0.42181	-7.5	150.0	0.30724	-10.3	60.0	0.27345	-11.3	140.0	0.26733	-11.5	210.0	0.26018	-11.7
3.3396	90.0	0.32135	-9.9	150.0	0.28115	-11.0	155.0	0.27680	-11.2	180.0	0.27314	-11.3	175.0	0.26483	-11.5
3.3896	90.0	0.35415	-9.0	120.0	0.35063	-9.1	65.0	0.33149	-9.6	85.0	0.32302	-9.8	125.0	0.26639	-11.5
3.4295	200.0	0.25802	-11.8	115.0	0.25698	-11.8	65.0	0.25381	-11.9	135.0	0.24450	-12.2	140.0	0.23839	-12.5
3.4796	55.0	0.25695	-11.8	135.0	0.24971	-12.1	50.0	0.23933	-12.4	100.0	0.21494	-13.4	300.0	0.21271	-13.4
3.5351	50.0	0.43664	-7.2	55.0	0.29006	-10.8	160.0	0.21490	-13.4	285.0	0.20287	-13.9	95.0	0.19436	-14.2
3.5800	50.0	0.53500	-5.4	55.0	0.45670	-6.8	60.0	0.26080	-11.7	65.0	0.25512	-11.9	80.0	0.25269	-11.9
3.6301	235.0	26.30511	28.4	230.0	26.05040	28.3	240.0	24.50538	27.8	225.0	23.97665	27.6	245.0	20.73354	26.3
3.6796	235.0	177.70880	45.0	240.0	163.88471	44.3	230.0	135.72347	42.7	245.0	106.34639	40.5	225.0	78.28511	37.9
3.7390	225.0	310.05704	49.8	230.0	222.25776	46.9	220.0	205.35200	46.2	235.0	72.23678	37.2	215.0	68.85359	36.8
3.7895	230.0	205.80646	46.3	225.0	161.95948	44.2	235.0	152.76521	43.7	220.0	82.08546	38.3	240.0	57.47601	35.2
3.8501	235.0	47.20567	33.5	240.0	46.37125	33.3	230.0	41.96205	32.5	245.0	39.67993	32.0	225.0	31.61464	30.0
3.8944	205.0	10.63763	20.5	200.0	9.71653	19.8	210.0	7.94629	18.0	195.0	6.53092	16.3	215.0	4.46637	13.0
3.9420	220.0	0.84453	-1.5	210.0	0.80675	-1.9	215.0	0.75398	-2.5	205.0	0.54610	-5.3	230.0	0.50509	-5.9
3.9899	55.0	0.33591	-9.5	60.0	0.32317	-9.8	145.0	0.30860	-10.2	165.0	0.27726	-11.1	160.0	0.27599	-11.2
4.0400	90.0	0.32251	-9.8	55.0	0.31233	-10.1	85.0	0.29991	-10.5	80.0	0.29417	-10.6	110.0	0.28643	-10.9
4.0916	55.0	0.27452	-11.2	180.0	0.26250	-11.6	245.0	0.24902	-12.1	190.0	0.24887	-12.1	175.0	0.24482	-12.2
4.1400	180.0	0.44357	-7.1	185.0	0.37586	-8.5	50.0	0.36896	-8.7	55.0	0.29770	-10.5	175.0	0.27583	-11.2
4.1796	175.0	0.36969	-8.6	140.0	0.34859	-9.2	180.0	0.34533	-9.2	70.0	0.33709	-9.4	65.0	0.30958	-10.2
4.2296	210.0	0.35351	-9.0	205.0	0.27721	-11.1	135.0	0.26420	-11.6	140.0	0.24713	-12.1	105.0	0.24238	-12.3
4.2852	100.0	0.39019	-8.2	105.0	0.34348	-9.3	205.0	0.33190	-9.6	95.0	0.27273	-11.3	185.0	0.26603	-11.5
4.3329	235.0	6.84718	16.7	230.0	6.78536	16.6	240.0	6.64700	16.5	245.0	6.42745	16.2	225.0	6.19740	15.8
4.3805	235.0	114.20228	41.2	230.0	103.96389	40.3	240.0	97.99765	39.8	225.0	75.59120	37.6	245.0	64.55796	36.2
4.4299	230.0	283.71669	49.1	225.0	276.16624	48.8	235.0	166.16669	44.4	220.0	117.59112	41.4	240.0	72.56521	37.2
4.4910	235.0	267.43180	48.5	240.0	206.20649	46.3	230.0	191.69484	45.7	225.0	93.32336	39.4	245.0	84.80333	38.6
4.5500	225.0	95.59340	39.6	220.0	83.89569	38.5	230.0	81.02002	38.2	215.0	53.61309	34.6	235.0	48.65985	33.7
4.5895	220.0	11.96882	21.6	200.0	11.92550	21.5	195.0	11.61906	21.3	215.0	11.17354	21.0	225.0	11.03170	20.9
4.6459	205.0	2.04761	6.2	210.0	1.97876	5.9	200.0	1.97742	5.9	195.0	1.69220	4.6	215.0	1.57132	3.9
4.6929	50.0	0.55661	-5.1	85.0	0.48338	-6.3	90.0	0.46096	-6.7	220.0	0.31364	-10.1	235.0	0.29080	-10.7
4.7416	90.0	0.48755	-6.2	50.0	0.48664	-6.3	85.0	0.44617	-7.0	80.0	0.34027	-9.4	75.0	0.33486	-9.5
4.7896	85.0	0.54897	-5.2	80.0	0.37126	-8.6	305.0	0.32245	-9.8	90.0	0.31612	-10.0	50.0	0.25489	-11.9
4.8404	90.0	0.42311	-7.5	85.0	0.30568	-10.3	125.0	0.29315	-10.7	130.0	0.27133	-11.3	120.0	0.27084	-11.3
4.8889	90.0	0.31377	-10.1	115.0	0.22993	-12.8	235.0	0.22358	-13.0	135.0	0.22148	-13.1	130.0	0.21992	-13.2
4.9314	90.0	0.29807	-10.5	75.0	0.29722	-10.5	70.0	0.29162	-10.7	115.0	0.24741	-12.1	235.0	0.24735	-12.1
4.9799	170.0	0.33024	-9.6	175.0	0.32589	-9.7	150.0	0.29110	-10.7	120.0	0.27944	-11.1	145.0	0.26829	-11.4
5.0300	140.0	0.34385	-9.3	145.0	0.31691	-10.0	170.0	0.29173	-10.7	135.0	0.28519	-10.9	165.0	0.28242	-11.0
5.0800	230.0	36.56412	31.3	235.0	35.76457	31.1	225.0	33.70657	30.6	240.0	31.22276	29.9	220.0	28.39063	29.1
5.1313	225.0	196.87322	45.9	230.0	165.20410	44.4	220.0	154.14476	43.8	215.0	91.42381	39.2	235.0	86.00830	38.7
5.1898	225.0	303.20215	49.6	230.0	228.21963	47.2	220.0	194.27057	45.8	235.0	92.86694	39.4	215.0	71.26709	37.1
5.2496	235.0	178.72521	45.0	240.0	161.53461	44.2	230.0	124.45310	41.9	245.0	90.09715	39.1	225.0	65.47219	36.3
5.3000	240.0	36.31668	31.2	245.0	34.47371	30.7	235.0	34.40146	30.7	250.0	28.12370	29.0	230.0	27.88783	28.9
5.3399	205.0	7.30378	17.3	210.0	6.49216	16.2	200.0	6.09789	15.7	195.0	4.42675	12.9	215.0	3.92006	11.9
5.3896	210.0	0.61250	-4.3	215.0	0.47258	-6.5	220.0	0.46999	-6.6	225.0	0.43588	-7.2	205.0	0.35802	-8.9
5.4453	120.0	0.31160	-10.1	115.0	0.27598	-11.2	100.0	0.26860	-11.4	95.0	0.24698	-12.1	310.0	0.24213	-12.3
5.4933	235.0	0.28422	-10.9	90.0	0.27948	-11.1	230.0	0.27488	-11.2	65.0	0.27102	-11.3	115.0	0.26186	-11.6
5.5412	105.0	0.30266	-10.4	70.0	0.24503	-12.2	65.0	0.24295	-12.3	50.0	0.23716	-12.5	100.0	0.23672	-12.5
5.5896	50.0	0.36893	-8.7	55.0	0.35007	-9.1	105.0	0.34394	-9.3	110.0	0.33629	-9.5	140.0	0.27263	-11.3
5.6390	140.0	0.28054	-11.0	100.0	0.26348	-11.6	190.0	0.26141	-11.7	135.0	0.26125	-11.7	145.0	0.26037	-11.7
5.6813	100.0	0.28740	-10.8	195.0	0.28002	-11.1	95.0	0.26903	-11.4	155.0	0.25541	-11.9	190.0	0.24068	-12.4
5.7297	100.0	0.28895	-10.8	95.0	0.28550	-10.9	190.0	0.25618	-11.8	55.0	0.24376	-12.3	180.0	0.24277	-12.3
5.7800	215.0	0.76685	-2.3	195.0	0.71169	-3.0	220.0	0.70861	-3.0	230.0	0.67769	-3.4	225.0	0.60797	-4.3
5.8300	235.0	61.24224	35.7	230.0	58.83721	35.4	240.0	54.59364	34.7	225.0	48.67769	33.7	245.0	41.70222	32.4
5.8799	225.0	239.94115	47.6	230.0	190.31727	45.6	220.0	179.44666	45.1	215.0	84.63708	38.6	235.0	83.47765	38.4
5.9399	225.0	300.78564	49.6	230.0	224.45136	47.0	220.0	193.63526	45.7	415.0	78.03690	37.8	410.0	73.54644	37.3
6.0000	235.0	144.19030	43.2	230.0	137.23204	42.7	240.0	97.13571	39.7	225.0	84.71370	38.6	245.0	45.73822	33.2
6.0500	235.0	19.88719	26.0	230.0	19.22660	25.7	245.0	18.99914	25.6	240.0	18.72669	25.4	225.0	17.63536	24.9
6.0918	210.0	4.73389	13.5	215.0	4.45147	13.0	205.0	3.85505	11.7	220.0	2.90718	9.3	200.0	2.49691	7.9
6.1401	105.0	0.37142	-8.6	70.0	0.29758	-10.5	55.0	0.27481	-11.2	100.0	0.27228	-11.3	140.0	0.26230	-11.6
6.1899	100.0	0.33459	-9.5	105.0	0.31896	-9.9	135.0	0.30204	-10.4	130.0	0.25300	-11.9	80.0	0.25072	-12.0
6.2400	100.0	0.32247	-9.8	95.0	0.30746	-10.2	175.0	0.27049	-11.4	170.0	0.25352	-11.9	200.0	0.23044	-12.7
6.2929	130.0	0.32547	-9.7	100.0	0.31563	-10.0	175.0	0.24259	-12.3	170.0	0.24236	-12.3	110.0	0.22963	-12.8
6.3409	130.0	0.40344	-7.9	135.0	0.37849	-8.4	105.0	0.33266	-9.6	140.0	0.30539	-10.3	125.0	0.30085	-10.4
6.3898	125.0	0.47760	-6.4	130.0	0.40162	-7.9	70.0	0.30743	-10.2	185.0	0.29987	-10.5	65.0	0.29816	-10.5
6.4370	130.0	0.49029	-6.2	125.0	0.44606	-7.0	135.0	0.29488	-10.6	120.0	0.26687	-11.5	270.0	0.21501	-13.4
6.4855	50.0	0.30360	-10.4	130.0	0.24732	-12.1	300.0	0.24263	-12.3	275.0	0.23478	-12.6	295.0	0.22073	-13.1
6.5325	240.0	0.76929	-2.3	235.0	0.75644	-2.4	230.0	0.73783	-2.6	225.0	0.73048	-2.7	245.0	0.66188	-3.6
6.5809	240.0	63.63609	36.1	235.0	58.91277	35.4	245.0	58.70802	35.4	230.0	47.36063	33.5	250.0	45.86170	33.2
6.6299	230.0	236.62037	47.5	225.0	230.20988	47.2	235.0	144.18273	43.2	220.0	124.19037	41.9	420.0	58.39935	35.3
6.6900	225.0	291.70848	49.3	230.0	254.34815	48.1	220.0	157.84700	44.0	235.0	108.60537	40.7	415.0	63.83168	36.1
6.7500	230.0	137.13801	42.7	235.0	136.98454	42.7	240.0	94.15342	39.5	225.0	92.77822	39.3	220.0	42.67607	32.6
6.7999	225.0	20.20400	26.1	230.0	19.56482	25.8	220.0	19.04713	25.6	235.0	18.08346	25.1	210.0	17.70643	25.0
6.8424	210.0	4.73456	13.5	215.0	4.23652	12.5	205.0	4.16219	12.4	200.0	2.99871	9.5	220.0	2.80175	8.9
6.8900	110.0	0.29689	-10.5	230.0	0.29507	-10.6	255.0	0.27280	-11.3	235.0	0.25974	-11.7	60.0	0.24888	-12.1
6.9400	105.0	0.34292	-9.3	110.0	0.29683	-10.5	60.0	0.29427	-10.6	55.0	0.24791	-12.1	115.0	0.23484	-12.6
6.9900	105.0	0.48286	-6.3	100.0	0.42085	-7.5	195.0	0.27757	-11.1	70.0	0.22950	-12.8	60.0	0.22278	-13.0
7.0399	105.0	0.52627	-5.6	100.0	0.46120	-6.7	75.0	0.41860	-7.6	110.0	0.39356	-8.1	70.0	0.35572	-9.0
7.0900	75.0	0.35235	-9.1	115.0	0.35076	-9.1	160.0	0.32826	-9.7	155.0	0.31533	-10.0	70.0	0.25349	-11.9
7.1390	90.0	0.34722	-9.2	115.0	0.29795	-10.5	120.0	0.28883	-10.8	95.0	0.25710	-11.8	110.0	0.25511	-11.9
7.1879	110.0	0.38636	-8.3	95.0	0.33555	-9.5	155.0	0.25659	-11.8	100.0	0.24964	-12.1	245.0	0.24940	-12.1
7.2360	105.0	0.34326	-9.3	110.0	0.30297	-10.4	100.0	0.27891	-11.1	115.0	0.26464	-11.5	160.0	0.24923	-12.1
7.2807	155.0	0.36477	-8.8	210.0	0.28996	-10.8	160.0	0.28920	-10.8	205.0	0.28084	-11.0	135.0	0.26271	-11.6
7.3300	240.0	34.94873	30.9	235.0	34.08166	30.7	245.0	32.10433	30.1	230.0	30.31480	29.6	250.0	26.79351	28.6
7.3799	225.0	186.46577	45.4	230.0	180.56563	45.1	220.0	126.94682	42.1	235.0	121.07048	41.7	215.0	67.55337	36.6
7.4399	225.0	266.26077	48.5	220.0	216.15967	46.7	230.0	198.95897	46.0	235.0	125.84389	42.0	215.0	93.79391	39.4
7.4989	230.0	153.42870	43.7	235.0	135.11764	42.6	225.0	126.72421	42.1	220.0	95.40614	39.6	240.0	76.68632	37.7
7.5500	225.0	40.09758	32.1	230.0	37.07897	31.4	220.0	34.35498	30.7	235.0	29.66707	29.4	205.0	25.12541	28.0
7.5896	210.0	7.69752	17.7	215.0	6.79334	16.6	205.0	6.25493	15.9	200.0	4.39564	12.9	220.0	4.18213	12.4
7.6465	215.0	0.48533	-6.3	240.0	0.43959	-7.1	230.0	0.42044	-7.5	220.0	0.37554	-8.5	225.0	0.35835	-8.9
7.6933	80.0	0.34258	-9.3	75.0	0.29414	-10.6	150.0	0.27675	-11.2	230.0	0.27611	-11.2	55.0	0.27610	-11.2
7.7415	85.0	0.41774	-7.6	160.0	0.37451	-8.5	245.0	0.34378	-9.3	80.0	0.34215	-9.3	240.0	0.33134	-9.6
7.7920	165.0	0.37820	-8.4	115.0	0.30220	-10.4	170.0	0.29307	-10.7	85.0	0.27909	-11.1	160.0	0.26287	-11.6
7.8404	60.0	0.34075	-9.4	125.0	0.32540	-9.8	65.0	0.30298	-10.4	170.0	0.29382	-10.6	130.0	0.28601	-10.9
7.8889	65.0	0.30732	-10.2	265.0	0.28768	-10.8	125.0	0.28240	-11.0	70.0	0.26583	-11.5	170.0	0.26245	-11.6
7.9300	110.0	0.34985	-9.1	70.0	0.33866	-9.4	105.0	0.30945	-10.2	75.0	0.29683	-10.5	125.0	0.27848	-11.1
7.9799	95.0	0.31742	-10.0	105.0	0.31700	-10.0	50.0	0.30397	-10.3	100.0	0.29830	-10.5	75.0	0.28663	-10.9
8.0300	95.0	0.33295	-9.6	90.0	0.33014	-9.6	50.0	0.31668	-10.0	85.0	0.25720	-11.8	110.0	0.24222	-12.3
8.0822	230.0	4.15783	12.4	235.0	4.14389	12.3	225.0	4.05691	12.2	240.0	4.04761	12.1	245.0	3.93548	11.9
8.1296	235.0	96.11453	39.7	230.0	89.25540	39.0	240.0	83.07076	38.4	225.0	68.95134	36.8	245.0	56.21071	35.0
8.1800	230.0	264.10018	48.4	225.0	242.00087	47.7	235.0	175.57407	44.9	220.0	90.76457	39.2	240.0	90.26520	39.1
8.2415	225.0	259.50008	48.3	230.0	200.21950	46.0	220.0	177.28037	45.0	215.0	92.00004	39.3	235.0	89.13464	39.0
8.3000	230.0	104.74380	40.4	225.0	95.92777	39.6	235.0	80.22451	38.1	220.0	64.02802	36.1	240.0	40.68461	32.2
8.3489	225.0	14.79066	23.4	210.0	14.22820	23.1	220.0	13.73718	22.8	215.0	13.34648	22.5	205.0	12.73375	22.1
8.3930	205.0	2.09824	6.4	210.0	2.04636	6.2	215.0	1.95581	5.8	220.0	1.67632	4.5	200.0	1.52214	3.6
8.4405	155.0	0.40909	-7.8	150.0	0.32836	-9.7	105.0	0.29957	-10.5	100.0	0.26903	-11.4	55.0	0.26678	-11.5
8.4900	145.0	0.29174	-10.7	205.0	0.28666	-10.9	140.0	0.26813	-11.4	100.0	0.26025	-11.7	155.0	0.25378	-11.9
8.5400	205.0	0.43049	-7.3	210.0	0.31261	-10.1	100.0	0.25890	-11.7	190.0	0.23551	-12.6	185.0	0.22146	-13.1
8.5900	215.0	0.46707	-6.6	210.0	0.34304	-9.3	105.0	0.33721	-9.4	110.0	0.32755	-9.7	235.0	0.27640	-11.2
8.6390	105.0	0.37759	-8.5	230.0	0.33300	-9.6	220.0	0.29599	-10.6	235.0	0.29167	-10.7	215.0	0.28255	-11.0
8.6803	105.0	0.45012	-6.9	50.0	0.39175	-8.1	55.0	0.38550	-8.3	115.0	0.36720	-8.7	110.0	0.36448	-8.8
8.7300	105.0	0.43554	-7.2	110.0	0.36210	-8.8	100.0	0.33732	-9.4	155.0	0.29824	-10.5	160.0	0.28668	-10.9
8.7800	65.0	0.26807	-11.4	225.0	0.21706	-13.3	60.0	0.21650	-13.3	230.0	0.21474	-13.4	70.0	0.20903	-13.6
8.8299	80.0	0.37234	-8.6	230.0	0.26566	-11.5	55.0	0.26194	-11.6	65.0	0.25243	-12.0	170.0	0.24200	-12.3
8.8804	245.0	12.87481	22.2	240.0	12.59326	22.0	250.0	12.04356	21.6	235.0	12.01012	21.6	255.0	10.84370	20.7
8.9299	235.0	141.07975	43.0	230.0	125.55108	42.0	240.0	117.79491	41.4	225.0	85.58252	38.6	245.0	71.21137	37.1
8.9800	225.0	302.17381	49.6	230.0	227.43276	47.1	220.0	198.73276	46.0	235.0	78.52100	37.9	415.0	74.19209	37.4
9.0403	235.0	246.45189	47.8	230.0	190.19237	45.6	240.0	180.62240	45.1	225.0	85.13593	38.6	245.0	71.40838	37.1
9.0999	230.0	71.80603	37.1	235.0	71.21759	37.1	225.0	58.38139	35.3	240.0	57.01613	35.1	220.0	39.15063	31.9
9.1398	200.0	12.72313	22.1	205.0	11.93390	21.5	195.0	10.48279	20.4	210.0	8.71820	18.8	215.0	8.20613	18.3
9.1900	205.0	1.54729	3.8	200.0	1.40746	3.0	215.0	1.35068	2.6	210.0	1.33291	2.5	220.0	1.06562	0.6
9.2448	160.0	0.28185	-11.0	75.0	0.28079	-11.0	130.0	0.28002	-11.1	90.0	0.26177	-11.6	165.0	0.25286	-11.9
9.2932	50.0	0.33554	-9.5	80.0	0.32861	-9.7	140.0	0.30342	-10.4	55.0	0.27691	-11.2	135.0	0.26842	-11.4
9.3418	100.0	0.36054	-8.9	165.0	0.29013	-10.7	85.0	0.27681	-11.2	105.0	0.26912	-11.4	95.0	0.26684	-11.5
9.3899	105.0	0.38916	-8.2	240.0	0.37668	-8.5	100.0	0.37171	-8.6	95.0	0.37030	-8.6	170.0	0.32989	-9.6
9.4296	50.0	0.37987	-8.4	90.0	0.37350	-8.6	105.0	0.34996	-9.1	85.0	0.28447	-10.9	80.0	0.27296	-11.3
9.4800	85.0	0.28658	-10.9	50.0	0.28281	-11.0	100.0	0.27086	-11.3	105.0	0.26102	-11.7	90.0	0.25138	-12.0
9.5300	50.0	0.33765	-9.4	125.0	0.32123	-9.9	175.0	0.29425	-10.6	130.0	0.25554	-11.9	100.0	0.25522	-11.9
9.5800	55.0	0.32487	-9.8	105.0	0.28289	-11.0	60.0	0.27715	-11.1	125.0	0.26314	-11.6	50.0	0.26051	-11.7
9.6300	55.0	0.33749	-9.4	60.0	0.29201	-10.7	50.0	0.25014	-12.0	125.0	0.24626	-12.2	105.0	0.24368	-12.3
9.6799	235.0	10.61432	20.5	240.0	10.53694	20.5	230.0	10.07872	20.1	245.0	9.96950	20.0	225.0	9.19441	19.3
9.7289	230.0	130.11890	42.3	235.0	116.17982	41.3	225.0	109.87546	40.8	240.0	77.75368	37.8	220.0	73.19189	37.3
9.7812	225.0	283.00595	49.0	230.0	270.05474	48.6	235.0	136.36939	42.7	220.0	134.55862	42.6	420.0	56.55281	35.0
9.8440	220.0	245.15804	47.8	215.0	208.52050	46.4	225.0	141.67392	43.0	210.0	91.58484	39.2	400.0	40.75763	32.2
9.8978	230.0	77.50881	37.8	225.0	68.46494	36.7	235.0	66.83692	36.5	220.0	49.68854	33.9	240.0	42.13795	32.5
9.9458	205.0	12.58012	22.0	210.0	11.89439	21.5	200.0	10.10270	20.1	220.0	9.99949	20.0	215.0	9.98357	20.0
9.9938	205.0	1.48149	3.4	210.0	1.46940	3.3	200.0	1.37594	2.8	215.0	1.34595	2.6	195.0	1.07777	0.7
10.0415	270.0	0.25604	-11.8	80.0	0.24338	-12.3	275.0	0.22250	-13.1	250.0	0.22199	-13.1	75.0	0.21795	-13.2
10.0902	145.0	0.35093	-9.1	275.0	0.26985	-11.4	140.0	0.25668	-11.8	250.0	0.24110	-12.4	280.0	0.23189	-12.7
10.1394	160.0	0.32809	-9.7	155.0	0.29557	-10.6	115.0	0.28506	-10.9	145.0	0.28199	-11.0	150.0	0.27780	-11.1
10.1854	240.0	0.27504	-11.2	115.0	0.22238	-13.1	235.0	0.21694	-13.3	125.0	0.21577	-13.3	160.0	0.21328	-13.4
10.2333	110.0	0.39654	-8.0	115.0	0.38590	-8.3	105.0	0.37440	-8.5	75.0	0.32369	-9.8	120.0	0.29665	-10.6
10.2816	110.0	0.55017	-5.2	105.0	0.48921	-6.2	115.0	0.32181	-9.8	50.0	0.24862	-12.1	130.0	0.23980	-12.4
10.3300	105.0	0.42842	-7.4	125.0	0.38454	-8.3	120.0	0.33745	-9.4	100.0	0.30858	-10.2	110.0	0.28359	-10.9
10.3800	120.0	0.35275	-9.1	125.0	0.32118	-9.9	100.0	0.31624	-10.0	235.0	0.29988	-10.5	105.0	0.23673	-12.5
10.4306	235.0	0.28782	-10.8	50.0	0.27168	-11.3	165.0	0.26182	-11.6	65.0	0.24515	-12.2	315.0	0.24047	-12.4
10.4778	220.0	0.92332	-0.7	235.0	0.90150	-0.9	215.0	0.89998	-0.9	230.0	0.83714	-1.5	240.0	0.80791	-1.9
10.5257	235.0	64.36749	36.2	240.0	63.59135	36.1	230.0	56.04010	35.0	245.0	53.67189	34.6	225.0	43.43460	32.8
10.5737	235.0	247.01089	47.9	230.0	208.91792	46.4	240.0	177.66952	45.0	225.0	101.66497	40.1	245.0	85.73090	38.7
10.6369	230.0	271.03440	48.7	235.0	235.13911	47.4	225.0	165.48306	44.4	240.0	114.64114	41.2	220.0	77.30217	37.8
10.6899	225.0	116.99408	41.4	230.0	108.66777	40.7	220.0	99.79026	40.0	235.0	76.36969	37.7	215.0	66.16113	36.4
10.7399	225.0	22.08213	26.9	220.0	21.78521	26.8	230.0	20.47815	26.2	215.0	19.53279	25.8	210.0	17.56606	24.9
10.7899	210.0	4.79267	13.6	215.0	4.45338	13.0	205.0	4.11331	12.3	200.0	2.90886	9.3	220.0	2.79760	8.9
10.8398	50.0	0.41711	-7.6	55.0	0.37672	-8.5	260.0	0.32553	-9.7	160.0	0.30183	-10.4	155.0	0.29140	-10.7
10.8799	80.0	0.35906	-8.9	75.0	0.35889	-8.9	55.0	0.31340	-10.1	50.0	0.30954	-10.2	135.0	0.29842	-10.5
10.9299	135.0	0.46357	-6.7	130.0	0.36158	-8.8	70.0	0.31287	-10.1	75.0	0.28165	-11.0	95.0	0.27190	-11.3
10.9805	90.0	0.37317	-8.6	130.0	0.36519	-8.7	210.0	0.34095	-9.3	135.0	0.30876	-10.2	215.0	0.29290	-10.7
11.0300	105.0	0.35354	-9.0	185.0	0.34262	-9.3	90.0	0.33531	-9.5	190.0	0.30026	-10.4	115.0	0.28736	-10.8
11.0798	110.0	0.35664	-9.0	130.0	0.33567	-9.5	105.0	0.28938	-10.8	125.0	0.28787	-10.8	100.0	0.26175	-11.6
11.1300	225.0	0.30836	-10.2	300.0	0.27156	-11.3	305.0	0.26376	-11.6	230.0	0.26334	-11.6	280.0	0.25675	-11.8
11.1726	225.0	0.28129	-11.0	220.0	0.26929	-11.4	210.0	0.26017	-11.7	190.0	0.25450	-11.9	75.0	0.22941	-12.8
11.2198	220.0	0.37892	-8.4	225.0	0.33224	-9.6	215.0	0.28480	-10.9	195.0	0.24188	-12.3	175.0	0.23930	-12.4
11.2732	100.0	0.32392	-9.8	105.0	0.29688	-10.5	185.0	0.26714	-11.5	215.0	0.25395	-11.9	180.0	0.21252	-13.5
11.3198	225.0	6.63035	16.4	230.0	6.62291	16.4	235.0	6.37404	16.1	220.0	6.35489	16.1	240.0	5.82558	15.3
11.3699	240.0	112.80091	41.0	235.0	108.66026	40.7	245.0	92.95924	39.4	230.0	84.38343	38.5	250.0	60.62807	35.7
11.4254	225.0	289.20155	49.2	220.0	218.94557	46.8	230.0	202.67284	46.1	215.0	89.84216	39.1	235.0	68.73830	36.7
11.4799	225.0	263.54999	48.4	230.0	194.66217	45.8	220.0	180.65493	45.1	235.0	66.01455	36.4	215.0	61.90700	35.8
11.5400	240.0	90.11447	39.1	235.0	80.74101	38.1	245.0	78.95242	37.9	230.0	55.24236	34.8	250.0	52.18608	34.4
11.5895	220.0	14.69237	23.3	205.0	14.25988	23.1	215.0	13.37133	22.5	210.0	13.23957	22.4	200.0	12.29377	21.8
11.6299	205.0	2.30884	7.3	210.0	2.30822	7.3	200.0	2.02553	6.1	215.0	1.83177	5.3	195.0	1.34343	2.6
11.6799	105.0	0.43486	-7.2	100.0	0.36526	-8.7	155.0	0.30054	-10.4	80.0	0.27373	-11.3	85.0	0.25784	-11.8
11.7300	100.0	0.48044	-6.4	105.0	0.45751	-6.8	110.0	0.29554	-10.6	150.0	0.29229	-10.7	155.0	0.26602	-11.5
11.7830	75.0	0.31405	-10.1	100.0	0.27227	-11.3	250.0	0.27176	-11.3	60.0	0.27111	-11.3	245.0	0.26461	-11.5
11.8315	170.0	0.26370	-11.6	220.0	0.25905	-11.7	165.0	0.25220	-12.0	75.0	0.25111	-12.0	80.0	0.24312	-12.3
11.8801	165.0	0.30046	-10.4	155.0	0.25327	-11.9	160.0	0.23112	-12.7	170.0	0.21159	-13.5	150.0	0.20733	-13.7
11.9257	60.0	0.30424	-10.3	55.0	0.24091	-12.4	65.0	0.23167	-12.7	130.0	0.18439	-14.7	70.0	0.18342	-14.7
11.9729	55.0	0.31434	-10.1	185.0	0.29728	-10.5	60.0	0.29550	-10.6	190.0	0.27426	-11.2	120.0	0.23626	-12.5
12.0212	120.0	0.27553	-11.2	115.0	0.27085	-11.3	185.0	0.26955	-11.4	80.0	0.26839	-11.4	180.0	0.26455	-11.5
12.0732	255.0	0.24583	-12.2	175.0	0.24473	-12.2	170.0	0.24278	-12.3	250.0	0.23908	-12.4	80.0	0.21356	-13.4
12.1197	100.0	0.37422	-8.5	95.0	0.35345	-9.0	175.0	0.24860	-12.1	105.0	0.23182	-12.7	170.0	0.21672	-13.3
12.1698	115.0	0.31590	-10.0	100.0	0.31267	-10.1	50.0	0.29713	-10.5	160.0	0.27007	-11.4	120.0	0.26911	-11.4
12.2194	100.0	0.35462	-9.0	55.0	0.34556	-9.2	105.0	0.34066	-9.4	50.0	0.29869	-10.5	155.0	0.29506	-10.6
12.2599	100.0	0.40178	-7.9	200.0	0.36798	-8.7	105.0	0.35562	-9.0	85.0	0.33085	-9.6	205.0	0.32983	-9.6
12.3138	85.0	0.35824	-8.9	130.0	0.34495	-9.2	135.0	0.32051	-9.9	80.0	0.31291	-10.1	140.0	0.30137	-10.4
12.3648	80.0	0.38521	-8.3	135.0	0.34441	-9.3	120.0	0.27734	-11.1	125.0	0.25216	-12.0	130.0	0.24538	-12.2
12.4117	80.0	0.37739	-8.5	75.0	0.31306	-10.1	155.0	0.29415	-10.6	85.0	0.27094	-11.3	160.0	0.26642	-11.5
12.4600	155.0	0.40041	-7.9	75.0	0.38988	-8.2	150.0	0.31628	-10.0	80.0	0.29187	-10.7	160.0	0.28331	-11.0
12.5100	160.0	0.42977	-7.3	50.0	0.33974	-9.4	155.0	0.32738	-9.7	80.0	0.26406	-11.6	85.0	0.25384	-11.9
12.5558	160.0	0.32070	-9.9	225.0	0.31204	-10.1	220.0	0.26746	-11.5	165.0	0.23156	-12.7	155.0	0.21105	-13.5
12.5998	195.0	0.27442	-11.2	160.0	0.25791	-11.8	200.0	0.25378	-11.9	155.0	0.24880	-12.1	230.0	0.21633	-13.3
12.6499	165.0	0.30962	-10.2	170.0	0.28375	-10.9	145.0	0.26933	-11.4	50.0	0.26196	-11.6	105.0	0.24082	-12.4
