# LRA Stimulus Response — Time Series Data
# Source file:      risset_decelerating_haptic.wav
# Generated:        2026-07-17 14:01:18
# Stimulus duration:12.000 s
# Analysis window:  0.440s to 12.107s (clipped 0.4s at start, 0.8s+ at end,
#                    plus automatic trim of any trailing cutoff-ring artifact)
# Accel sample rate: 1746.1-1985.2 Hz (range across windows; 1869.4 Hz overall for this recording)
#                    peak_freq_hz below uses EACH WINDOW'S OWN rate (spread: 239.1 Hz) for maximum accuracy per instant
# FFT window size:  200 ms (373 samples)
# FFT step size:    50 ms
# FFT freq resolution: ~5.01 Hz per bin (at overall rate)
# LRA resonance:    210 Hz (free-air, characterized separately)
# Rows:             234
#
# To recreate plot in Python:
#   import numpy as np, matplotlib.pyplot as plt
#   data = np.loadtxt('filename.txt', delimiter='	', comments='#')
#   t, rms, freq = data[:,0], data[:,1], data[:,2]
#   fig, (ax1, ax2) = plt.subplots(2,1, sharex=True)
#   ax1.plot(t, rms);  ax1.set_ylabel('RMS Acceleration (g)')
#   ax2.plot(t, freq); ax2.set_ylabel('Dominant Frequency (Hz)')
#   plt.show()
#
# Columns:
# time_s	rms_g	peak_freq_hz
0.4404	0.751549	241.67
0.4910	0.759392	237.46
0.5466	0.759512	238.08
0.5941	0.719225	222.86
0.6373	0.280691	203.94
0.6879	0.909567	239.45
0.7373	0.969095	227.45
0.7940	0.970544	232.23
0.8478	0.942244	234.69
0.8940	0.351196	205.95
0.9413	0.754053	243.90
0.9877	0.779176	239.37
1.0440	0.779786	239.31
1.0940	0.779846	229.15
1.1372	0.213322	207.45
1.1879	0.705099	252.05
1.2363	0.970910	228.56
1.2879	0.981826	233.56
1.3466	0.982672	233.02
1.3929	0.692152	225.01
1.4375	0.199434	207.54
1.4874	0.797781	250.46
1.5340	0.818826	239.31
1.5880	0.819498	238.71
1.6375	0.817879	236.57
1.6879	0.200325	205.33
1.7279	0.483376	199.03
1.7774	0.945857	236.95
1.8280	0.977697	228.39
1.8900	0.979741	227.29
1.9375	0.859970	226.37
1.9880	0.265424	212.89
2.0350	0.544780	204.53
2.0773	0.811204	239.45
2.1326	0.817735	231.36
2.1879	0.820306	234.45
2.2376	0.628099	229.71
2.2773	0.142091	210.54
2.3280	0.507327	210.24
2.3774	0.946676	227.18
2.4274	0.980896	227.99
2.4880	0.984324	225.39
2.5379	0.861902	227.98
2.5854	0.295792	207.25
2.6330	0.134480	210.53
2.6805	0.833094	249.15
2.7274	0.879563	235.27
2.7775	0.880659	237.77
2.8365	0.892682	227.48
2.8776	0.340352	204.64
2.9335	0.158996	215.23
2.9773	0.623866	199.64
3.0264	0.971921	240.83
3.0774	0.990930	227.89
3.1364	0.994627	237.46
3.1874	0.819047	234.31
3.2280	0.293306	223.79
3.2775	0.208143	225.62
3.3280	0.753759	235.36
3.3775	0.907604	227.42
3.4314	0.912876	239.45
3.4880	0.920449	234.40
3.5279	0.609816	218.19
3.5775	0.266336	231.55
3.6280	0.245119	214.97
3.6775	0.734244	197.90
3.7274	0.972244	228.54
3.7790	0.982882	229.13
3.8375	0.983502	238.66
3.8864	0.763814	231.21
3.9280	0.356568	235.91
3.9775	0.323565	229.74
4.0277	0.524060	214.39
4.0774	0.901018	234.08
4.1281	0.929774	228.25
4.1862	0.930503	236.64
4.2374	0.899983	229.41
4.2797	0.486771	229.15
4.3280	0.418871	234.99
4.3864	0.417189	227.00
4.4327	0.752124	193.35
4.4774	0.958756	233.11
4.5344	0.968856	233.16
4.5918	0.969096	227.89
4.6380	0.812239	225.91
4.6875	0.504548	238.93
4.7374	0.483308	235.03
4.7880	0.482797	236.20
4.8374	0.724834	233.60
4.8775	0.925298	239.73
4.9381	0.933479	239.29
4.9877	0.933627	224.69
5.0375	0.792607	216.21
5.0905	0.602699	233.96
5.1410	0.590928	230.62
5.1880	0.590675	232.80
5.2407	0.521271	203.29
5.2876	0.923749	229.65
5.3373	0.961755	230.94
5.3965	0.962601	235.64
5.4480	0.881894	238.54
5.4908	0.694316	238.15
5.5380	0.655492	234.31
5.5975	0.654497	237.59
5.6481	0.654493	225.02
5.6881	0.603016	203.06
5.7374	0.948557	239.54
5.7939	0.966566	228.61
5.8479	0.966911	227.90
5.8975	0.779763	233.37
5.9475	0.686701	239.29
5.9905	0.685785	234.43
6.0480	0.685810	240.15
6.0974	0.685804	221.08
6.1426	0.253138	206.62
6.1890	0.894683	239.35
6.2411	0.962405	233.08
6.2974	0.963956	229.71
6.3480	0.950654	230.97
6.3974	0.491155	222.02
6.4440	0.715254	239.37
6.4906	0.721284	234.33
6.5480	0.721375	233.35
6.5975	0.648005	222.35
6.6449	0.359318	207.11
6.6924	0.919262	238.76
6.7406	0.968963	231.89
6.7980	0.970559	232.36
6.8513	0.915055	238.20
6.8984	0.333528	209.78
6.9374	0.749826	243.38
6.9881	0.772343	240.58
7.0480	0.772984	225.68
7.0974	0.770297	223.01
7.1451	0.203314	201.40
7.1938	0.758033	245.97
7.2411	0.974564	235.78
7.2880	0.983701	231.68
7.3524	0.984558	243.69
7.4005	0.636378	224.44
7.4376	0.320565	204.65
7.4879	0.784535	243.03
7.5425	0.800894	227.45
7.5974	0.801942	234.35
7.6481	0.755415	235.27
7.6880	0.174806	204.08
7.7374	0.589959	209.97
7.7880	0.952889	228.46
7.8380	0.972567	225.51
7.8975	0.975156	228.68
7.9497	0.786685	230.02
7.9974	0.217688	214.59
8.0375	0.685115	249.08
8.0881	0.835387	239.36
8.1419	0.839358	229.04
8.1974	0.843266	229.50
8.2465	0.511415	201.10
8.2923	0.126341	209.22
8.3403	0.624127	208.92
8.3880	0.962858	228.51
8.4374	0.979080	231.02
8.4974	0.983010	231.96
8.5475	0.777222	229.34
8.5944	0.220810	209.23
8.6375	0.340549	205.96
8.6881	0.843013	240.72
8.7364	0.867141	236.05
8.7933	0.867798	234.38
8.8403	0.825230	223.15
8.8881	0.271528	206.56
8.9375	0.157542	211.35
8.9864	0.686673	201.08
9.0290	0.969456	236.05
9.0865	0.979504	237.50
9.1403	0.986963	226.15
9.1880	0.750033	227.68
9.2407	0.250288	218.70
9.2880	0.205435	210.73
9.3364	0.810562	237.92
9.3773	0.898408	239.47
9.4377	0.901096	238.17
9.4879	0.915825	227.17
9.5374	0.499957	224.76
9.5880	0.267823	219.92
9.6374	0.257262	224.96
9.6874	0.814649	239.33
9.7280	0.967150	228.64
9.7880	0.972522	239.00
9.8468	0.980674	226.21
9.8919	0.663166	224.39
9.9396	0.345280	235.36
9.9880	0.328460	223.71
10.0375	0.641275	201.64
10.0880	0.907251	233.47
10.1375	0.919729	227.97
10.1974	0.919968	238.16
10.2475	0.831118	228.03
10.2890	0.439594	234.65
10.3474	0.408483	237.84
10.3929	0.407904	220.54
10.4403	0.830980	246.76
10.4880	0.979933	232.33
10.5374	0.985003	230.63
10.5989	0.985063	233.03
10.6479	0.734058	217.87
10.6934	0.512407	236.17
10.7479	0.502057	242.36
10.7974	0.501904	225.74
10.8372	0.807197	244.20
10.8878	0.958324	239.36
10.9480	0.962477	227.09
10.9974	0.962533	228.38
11.0480	0.757557	219.56
11.0974	0.574302	239.36
11.1479	0.567214	234.47
11.1974	0.567097	232.05
11.2479	0.562994	200.04
11.2908	0.952813	234.23
11.3473	0.974507	239.74
11.4018	0.974960	231.73
11.4476	0.834742	233.53
11.4974	0.684720	233.90
11.5481	0.659362	231.77
11.6064	0.658790	234.37
11.6498	0.650661	224.50
11.6974	0.696880	250.79
11.7480	0.954424	230.72
11.7973	0.965012	227.49
11.8573	0.965223	231.28
11.9079	0.687162	229.27
11.9549	0.696947	239.32
11.9974	0.697377	235.04
12.0574	0.697324	242.85
12.1073	0.697118	222.28
