# LRA Top-5 Frequency Peaks — Condensed Summary
# Source file: shepard_rising_haptic.wav
# Generated:   2026-07-17 13:59:34
# Accel sample rate: 1552.0-1876.0 Hz per-window range (1665.3 Hz overall)
# Freq resolution:   5.00 Hz per bin (peaks below are quantized to this common grid;
#                    each window measured at its own real rate, then
#                    resampled here for cross-window comparability)
# Rows:        234
#
# For each time window, the top 5 frequency peaks by magnitude,
# sorted strongest first. Each peak is reported in BOTH units:
#   peakN_g  = linear amplitude in g (true physical intensity)
#   peakN_db = 20*log10(g) (compressed range — easier to compare
#              strong vs weak components, e.g. Shepard octave partners)
#
# NOTE: adjacent bins around one physical tone can both appear as
# separate 'peaks' — treat peaks within 1-2 bins of each other as
# the same component.
#
time_s	peak1_hz	peak1_g	peak1_db	peak2_hz	peak2_g	peak2_db	peak3_hz	peak3_g	peak3_db	peak4_hz	peak4_g	peak4_db	peak5_hz	peak5_g	peak5_db
0.4107	190.0	205.96728	46.3	245.0	160.17046	44.1	240.0	149.24501	43.5	195.0	106.24304	40.5	185.0	99.80239	40.0
0.4607	195.0	182.22900	45.2	200.0	177.33540	45.0	255.0	168.03720	44.5	250.0	161.50524	44.2	205.0	69.58642	36.9
0.5114	205.0	190.47700	45.6	200.0	182.92028	45.2	260.0	150.26722	43.5	255.0	129.31613	42.2	265.0	87.12596	38.8
0.5624	205.0	213.84706	46.6	210.0	151.46176	43.6	260.0	125.28636	42.0	265.0	118.35831	41.5	200.0	115.53680	41.3
0.6117	210.0	253.95373	48.1	205.0	155.37569	43.8	215.0	134.91129	42.6	270.1	106.37576	40.5	265.0	100.21048	40.0
0.6622	210.0	293.99454	49.4	215.0	219.63564	46.8	205.0	123.22672	41.8	270.1	106.50881	40.5	275.1	61.80097	35.8
0.7116	205.0	283.84720	49.1	200.0	206.02987	46.3	210.0	132.42070	42.4	260.0	80.84925	38.2	195.0	80.24451	38.1
0.7623	205.0	277.80581	48.9	210.0	264.19155	48.4	265.0	85.33869	38.6	215.0	78.06517	37.8	320.1	65.43513	36.3
0.8201	210.0	299.61527	49.5	205.0	233.71598	47.4	215.0	96.82507	39.7	265.0	75.89796	37.6	310.1	69.93213	36.9
0.8712	210.0	310.63925	49.8	215.0	202.69757	46.1	205.0	112.31517	41.0	270.1	84.81533	38.6	275.1	62.91618	36.0
0.9207	215.0	251.88545	48.0	220.0	225.24270	47.1	275.1	95.56217	39.6	280.1	90.42646	39.1	210.0	88.60989	38.9
0.9713	220.0	242.40829	47.7	225.0	142.48938	43.1	280.1	120.00378	41.6	215.0	114.23578	41.2	285.1	83.20950	38.4
1.0232	220.0	196.04046	45.8	225.0	172.37551	44.7	285.1	117.82667	41.4	280.1	106.97520	40.6	215.0	101.28609	40.1
1.0713	215.0	190.21511	45.6	220.0	160.51443	44.1	275.1	112.66306	41.0	280.1	110.16691	40.8	230.0	97.99463	39.8
1.1207	220.0	230.42960	47.3	225.0	147.94538	43.4	280.1	121.13251	41.7	285.1	99.81009	40.0	230.0	98.85163	39.9
1.1777	220.0	198.65758	46.0	215.0	184.17763	45.3	280.1	114.55437	41.2	275.1	87.36853	38.8	210.0	83.10081	38.4
1.2274	220.0	220.13651	46.9	225.0	155.09714	43.8	215.0	107.08466	40.6	285.1	103.54694	40.3	280.1	98.81161	39.9
1.2787	230.0	199.36537	46.0	235.0	181.87811	45.2	295.1	124.76426	41.9	300.1	107.33979	40.6	180.0	102.86932	40.2
1.3289	230.0	181.72773	45.2	225.0	165.37958	44.4	290.1	119.72096	41.6	240.0	99.70926	40.0	295.1	98.03886	39.8
1.3768	230.0	186.86782	45.4	235.0	167.46233	44.5	295.1	132.82989	42.5	300.1	106.45975	40.5	225.0	92.30322	39.3
1.4307	235.0	194.06798	45.8	240.0	127.48761	42.1	230.0	114.15458	41.1	300.1	105.14376	40.4	185.0	101.21426	40.1
1.4811	235.0	190.92038	45.6	185.0	125.18760	42.0	240.0	121.17025	41.7	230.0	117.21147	41.4	180.0	94.74975	39.5
1.5313	240.0	213.11307	46.6	235.0	172.37351	44.7	185.0	123.53855	41.8	190.0	91.84105	39.3	305.1	84.55351	38.5
1.5818	245.0	216.03940	46.7	240.0	150.44814	43.5	190.0	144.19090	43.2	195.0	93.44001	39.4	250.0	85.93459	38.7
1.6344	245.0	203.25278	46.2	250.0	140.07920	42.9	190.0	138.52884	42.8	195.0	125.96960	42.0	240.0	106.53738	40.6
1.6807	190.0	167.60513	44.5	240.0	167.49216	44.5	245.0	155.16838	43.8	195.0	99.56868	40.0	185.0	98.38109	39.9
1.7314	245.0	158.60085	44.0	195.0	147.41327	43.4	250.0	145.06425	43.2	190.0	117.62111	41.4	240.0	89.46653	39.0
1.7871	250.0	164.53042	44.3	195.0	156.55819	43.9	245.0	144.91331	43.2	190.0	108.67137	40.7	200.0	79.67757	38.0
1.8351	195.0	170.44528	44.6	250.0	170.28644	44.6	200.0	150.37489	43.5	255.0	149.58583	43.5	190.0	80.69437	38.1
1.8813	195.0	184.58216	45.3	250.0	176.85149	45.0	200.0	170.42997	44.6	255.0	141.57729	43.0	245.0	76.84093	37.7
1.9316	195.0	196.95775	45.9	200.0	178.83819	45.0	250.0	150.22904	43.5	255.0	116.62939	41.3	190.0	86.23133	38.7
1.9903	195.0	235.77690	47.5	250.0	151.37350	43.6	200.0	129.72424	42.3	190.0	103.24014	40.3	245.0	97.47528	39.8
2.0408	195.0	215.87393	46.7	200.0	208.21140	46.4	250.0	125.08352	41.9	255.0	112.29278	41.0	190.0	78.77268	37.9
2.0913	205.0	251.39767	48.0	210.0	197.90083	45.9	265.0	122.75010	41.8	200.0	110.59741	40.9	260.0	97.48689	39.8
2.1407	210.0	258.24055	48.2	215.0	228.38418	47.2	270.1	120.18595	41.6	275.1	89.33198	39.0	205.0	76.50970	37.7
2.1938	215.0	278.36681	48.9	210.0	251.12382	48.0	220.0	94.92866	39.5	275.1	94.33895	39.5	270.1	89.55978	39.0
2.2408	205.0	280.74539	49.0	210.0	181.37779	45.2	200.0	166.40689	44.4	260.0	93.62733	39.4	265.0	87.57606	38.8
2.2914	210.0	293.25822	49.3	205.0	222.81742	47.0	215.0	123.52805	41.8	265.0	88.26009	38.9	270.1	71.54161	37.1
2.3513	210.0	259.63700	48.3	205.0	224.65271	47.0	265.0	107.98425	40.7	215.0	99.29651	39.9	270.1	77.35983	37.8
2.4036	210.0	290.25514	49.3	215.0	152.54345	43.7	205.0	147.04811	43.3	270.1	101.97708	40.2	265.0	95.42005	39.6
2.4513	220.0	252.36544	48.0	215.0	224.12527	47.0	280.1	106.70853	40.6	225.0	95.02259	39.6	275.1	81.11869	38.2
2.5008	225.0	255.44129	48.1	230.0	163.86916	44.3	220.0	150.31370	43.5	290.1	102.60034	40.2	285.1	90.83547	39.2
2.5549	220.0	226.22278	47.1	225.0	140.45754	43.0	215.0	134.48674	42.6	280.1	77.95062	37.8	285.1	58.75747	35.4
2.6024	215.0	215.10378	46.7	210.0	155.39306	43.8	220.0	108.80933	40.7	275.1	71.63330	37.1	270.1	56.03979	35.0
2.6514	225.0	198.11000	45.9	230.0	187.97657	45.5	220.0	101.21132	40.1	290.1	98.04121	39.8	235.0	81.00451	38.2
2.7063	220.0	209.87396	46.4	225.0	203.02672	46.2	230.0	97.50351	39.8	285.1	94.00737	39.5	175.0	80.96217	38.2
2.7513	225.0	192.79533	45.7	230.0	180.06037	45.1	290.1	107.13760	40.6	235.0	87.08325	38.8	220.0	84.76856	38.6
2.8071	240.0	218.02021	46.8	235.0	163.17730	44.3	305.1	112.34889	41.0	245.0	104.45038	40.4	310.1	86.32542	38.7
2.8534	225.0	212.63995	46.6	220.0	142.11023	43.1	285.1	111.26800	40.9	230.0	111.02375	40.9	175.0	102.27206	40.2
2.9008	230.0	223.69511	47.0	235.0	178.36356	45.0	180.0	118.69231	41.5	295.1	97.14645	39.7	185.0	72.83968	37.2
2.9608	230.0	213.85120	46.6	225.0	157.55047	43.9	180.0	106.59961	40.6	235.0	86.90209	38.8	295.1	86.33409	38.7
3.0113	230.0	179.47317	45.1	225.0	151.91535	43.6	180.0	139.71127	42.9	175.0	106.27489	40.5	290.1	99.17337	39.9
3.0608	240.0	206.99127	46.3	190.0	143.93934	43.2	245.0	128.45361	42.2	185.0	125.40320	42.0	235.0	100.93428	40.1
3.1113	245.0	186.43617	45.4	240.0	159.67509	44.1	190.0	142.34397	43.1	195.0	96.60053	39.7	235.0	93.98333	39.5
3.1608	250.0	176.58334	44.9	245.0	170.72103	44.6	195.0	157.16754	43.9	190.0	117.59873	41.4	315.1	70.26244	36.9
3.2113	250.0	179.00976	45.1	195.0	175.68952	44.9	245.0	160.42245	44.1	190.0	135.08539	42.6	255.0	78.36059	37.9
3.2608	195.0	189.81772	45.6	245.0	160.27116	44.1	250.0	159.18932	44.0	190.0	134.98923	42.6	200.0	75.01457	37.5
3.3113	195.0	210.84733	46.5	250.0	183.14493	45.3	200.0	129.41921	42.2	190.0	107.83133	40.7	245.0	103.65760	40.3
3.3608	195.0	194.74803	45.8	250.0	175.17074	44.9	200.0	151.93402	43.6	255.0	135.15852	42.6	245.0	83.76244	38.5
3.4113	195.0	179.35544	45.1	250.0	160.80825	44.1	245.0	116.58147	41.3	190.0	108.27735	40.7	200.0	97.01026	39.7
3.4608	195.0	162.02442	44.2	200.0	144.44637	43.2	250.0	117.19941	41.4	205.0	103.19283	40.3	190.0	95.18351	39.6
3.5138	205.0	220.23138	46.9	210.0	154.50034	43.8	265.0	137.23354	42.7	260.0	116.51724	41.3	200.0	108.56393	40.7
3.5631	205.0	223.85697	47.0	210.0	213.16599	46.6	265.0	142.36002	43.1	260.0	81.48239	38.2	270.1	77.35739	37.8
3.6112	205.0	259.65105	48.3	200.0	223.23552	47.0	260.0	109.18320	40.8	210.0	91.54996	39.2	255.0	78.27964	37.9
3.6608	205.0	243.32799	47.7	200.0	225.47606	47.1	210.0	122.73506	41.8	260.0	109.19543	40.8	195.0	91.91435	39.3
3.7189	200.0	267.77452	48.6	205.0	177.56860	45.0	195.0	134.48568	42.6	255.0	92.11542	39.3	210.0	81.28740	38.2
3.7701	205.0	253.50616	48.1	200.0	214.14364	46.6	210.0	133.85596	42.5	195.0	94.93343	39.5	260.0	77.12477	37.7
3.8209	215.0	283.16608	49.0	220.0	206.32192	46.3	210.0	138.00073	42.8	275.1	83.73342	38.5	280.1	68.53688	36.7
3.8733	215.0	253.57574	48.1	220.0	235.08001	47.4	210.0	109.93782	40.8	280.1	87.81476	38.9	225.0	87.69305	38.9
3.9207	220.0	285.68805	49.1	225.0	163.93809	44.3	215.0	157.31900	43.9	280.1	107.36130	40.6	285.1	91.38306	39.2
3.9714	215.0	235.13757	47.4	220.0	190.59495	45.6	275.1	117.37216	41.4	210.0	94.71901	39.5	280.1	81.81562	38.3
4.0208	220.0	225.26151	47.1	225.0	137.48237	42.8	215.0	122.14681	41.7	280.1	121.35405	41.7	285.1	97.26753	39.8
4.0781	215.0	238.63916	47.6	210.0	156.73336	43.9	220.0	94.30205	39.5	275.1	89.77813	39.1	225.0	60.75688	35.7
4.1237	215.0	224.59818	47.0	220.0	157.12949	43.9	275.1	104.77853	40.4	210.0	81.57687	38.2	280.1	69.11713	36.8
4.1803	220.0	230.94045	47.3	225.0	190.47102	45.6	285.1	113.15156	41.1	280.1	99.37027	39.9	215.0	81.74259	38.2
4.2303	220.0	196.90399	45.9	215.0	163.19951	44.3	230.0	100.61185	40.1	280.1	98.61932	39.9	225.0	88.47281	38.9
4.2817	230.0	204.62566	46.2	235.0	147.24858	43.4	225.0	119.81878	41.6	295.1	104.36394	40.4	290.1	89.36134	39.0
4.3314	230.0	207.75413	46.4	235.0	122.87313	41.8	225.0	119.34671	41.5	240.0	106.79979	40.6	245.0	96.86827	39.7
4.3808	235.0	200.31949	46.0	240.0	196.35259	45.9	305.1	106.48700	40.5	185.0	106.28791	40.5	250.0	95.47850	39.6
4.4344	235.0	173.68042	44.8	185.0	117.46685	41.4	240.0	115.76080	41.3	250.0	108.02364	40.7	245.0	98.85134	39.9
4.4808	235.0	150.14170	43.5	185.0	146.09304	43.3	240.0	112.24989	41.0	180.0	88.96501	39.0	190.0	86.85785	38.8
4.5314	240.0	166.35696	44.4	185.0	129.83744	42.3	190.0	120.73152	41.6	235.0	119.30513	41.5	245.0	103.28575	40.3
4.5808	245.0	194.50601	45.8	240.0	191.79933	45.7	190.0	149.58772	43.5	185.0	94.75061	39.5	310.1	78.84409	37.9
4.6349	245.0	186.10966	45.4	240.0	176.81390	45.0	190.0	140.69061	43.0	185.0	83.10968	38.4	260.0	72.94782	37.3
4.6808	240.0	181.46043	45.2	190.0	135.57310	42.6	245.0	123.68731	41.8	185.0	101.90100	40.2	260.0	93.42427	39.4
4.7314	195.0	179.04990	45.1	250.0	155.93729	43.9	245.0	109.31037	40.8	190.0	106.88305	40.6	200.0	105.98915	40.5
4.7839	195.0	186.09987	45.4	200.0	162.92642	44.2	250.0	157.46966	43.9	255.0	132.80496	42.5	265.0	74.60270	37.5
4.8349	190.0	207.91915	46.4	245.0	163.88705	44.3	195.0	150.63459	43.6	240.0	117.77938	41.4	250.0	107.81770	40.7
4.8812	195.0	197.40709	45.9	250.0	181.91850	45.2	245.0	135.43126	42.6	190.0	124.52923	41.9	200.0	102.58358	40.2
4.9403	195.0	193.01281	45.7	250.0	166.79055	44.4	200.0	164.07419	44.3	255.0	118.33966	41.5	245.0	84.33098	38.5
4.9906	195.0	224.52813	47.0	190.0	164.97224	44.3	250.0	140.02296	42.9	245.0	135.92904	42.7	200.0	81.24290	38.2
5.0408	205.0	192.48762	45.7	200.0	185.71911	45.4	260.0	147.17244	43.4	255.0	108.50934	40.7	210.0	98.92641	39.9
5.0913	210.0	226.09384	47.1	205.0	209.67873	46.4	265.0	112.23304	41.0	215.0	86.40883	38.7	270.1	80.62112	38.1
5.1434	210.0	275.81612	48.8	215.0	167.55165	44.5	205.0	145.65429	43.3	270.1	104.12389	40.4	265.0	69.24200	36.8
5.1913	215.0	277.86685	48.9	210.0	244.36956	47.8	220.0	110.88306	40.9	270.1	90.82867	39.2	205.0	78.18832	37.9
5.2408	205.0	282.47728	49.0	210.0	256.29100	48.2	200.0	100.15858	40.0	215.0	78.53560	37.9	265.0	76.47440	37.7
5.2913	205.0	291.59240	49.3	200.0	204.46770	46.2	210.0	135.22610	42.6	260.0	73.59736	37.3	265.0	70.02636	36.9
5.3509	210.0	277.97061	48.9	205.0	225.89730	47.1	215.0	149.87223	43.5	200.0	99.44042	40.0	270.1	75.36115	37.5
5.4029	210.0	279.53628	48.9	205.0	206.33159	46.3	215.0	108.65848	40.7	265.0	91.62076	39.2	270.1	83.37833	38.4
5.4514	220.0	225.53999	47.1	225.0	214.16500	46.6	285.1	109.89602	40.8	280.1	90.89293	39.2	215.0	74.24386	37.4
5.5038	225.0	211.34212	46.5	230.0	173.86284	44.8	290.1	102.28904	40.2	220.0	99.49755	40.0	235.0	87.22733	38.8
5.5514	225.0	218.79070	46.8	220.0	176.31875	44.9	285.1	100.33787	40.0	230.0	91.76834	39.3	215.0	83.30348	38.4
5.6009	215.0	224.53603	47.0	220.0	160.13171	44.1	210.0	122.96626	41.8	275.1	95.06430	39.6	280.1	59.59430	35.5
5.6514	220.0	184.67445	45.3	225.0	143.55153	43.1	215.0	131.90379	42.4	230.0	104.58305	40.4	210.0	96.13662	39.7
5.7093	220.0	201.86452	46.1	215.0	164.44447	44.3	280.1	111.94357	41.0	230.0	99.98747	40.0	225.0	91.80156	39.3
5.7567	220.0	211.38389	46.5	225.0	151.21209	43.6	215.0	103.47595	40.3	280.1	96.63243	39.7	230.0	85.31049	38.6
5.8103	230.0	225.01385	47.0	225.0	150.99645	43.6	295.1	101.98402	40.2	235.0	92.32231	39.3	180.0	88.60659	38.9
5.8608	230.0	210.77979	46.5	235.0	183.77448	45.3	180.0	113.77043	41.1	225.0	87.45570	38.8	295.1	87.32994	38.8
5.9125	235.0	198.60718	46.0	240.0	134.51093	42.6	185.0	110.55878	40.9	230.0	103.82482	40.3	250.0	93.45829	39.4
5.9609	240.0	194.89841	45.8	235.0	145.21847	43.2	185.0	110.97660	40.9	305.1	102.39756	40.2	190.0	95.55582	39.6
6.0124	235.0	189.10091	45.5	240.0	124.85143	41.9	185.0	118.92733	41.5	300.1	111.36838	40.9	230.0	99.83170	40.0
6.0608	240.0	185.84041	45.4	235.0	145.93138	43.3	185.0	116.19218	41.3	245.0	111.49528	40.9	190.0	107.60753	40.6
6.1147	240.0	173.15945	44.8	245.0	151.90860	43.6	190.0	137.05960	42.7	185.0	98.45147	39.9	250.0	80.26788	38.1
6.1624	240.0	150.34313	43.5	190.0	143.95680	43.2	245.0	134.88842	42.6	185.0	100.61261	40.1	260.0	91.23141	39.2
6.2126	250.0	157.90572	44.0	195.0	151.09996	43.6	245.0	136.69617	42.7	190.0	96.91509	39.7	200.0	94.91578	39.5
6.2608	245.0	177.66664	45.0	190.0	176.27352	44.9	195.0	150.54761	43.6	250.0	114.73294	41.2	240.0	92.62648	39.3
6.3129	250.0	186.22076	45.4	195.0	169.94001	44.6	245.0	125.66948	42.0	200.0	108.99258	40.7	255.0	104.03418	40.3
6.3674	200.0	164.35943	44.3	255.0	156.96077	43.9	195.0	131.91100	42.4	250.0	129.19026	42.2	260.0	98.63197	39.9
6.4130	200.0	203.74536	46.2	255.0	148.25163	43.4	205.0	141.59987	43.0	260.0	132.60284	42.5	195.0	84.16654	38.5
6.4612	200.0	212.33981	46.5	195.0	179.94681	45.1	255.0	132.66239	42.5	250.0	118.06407	41.4	205.0	79.18719	38.0
6.5129	195.0	226.21149	47.1	200.0	201.73468	46.1	250.0	113.48287	41.1	255.0	98.36645	39.9	205.0	90.97449	39.2
6.5713	200.0	268.49892	48.6	195.0	155.78633	43.9	255.0	136.96971	42.7	205.0	125.36523	42.0	260.0	83.95558	38.5
6.6231	195.0	267.64764	48.6	200.0	216.52146	46.7	250.0	113.60515	41.1	190.0	99.45255	40.0	255.0	92.97888	39.4
6.6714	210.0	278.92956	48.9	215.0	184.19775	45.3	205.0	169.16398	44.6	270.1	94.55576	39.5	265.0	73.11415	37.3
6.7268	215.0	321.24613	50.1	220.0	213.96416	46.6	210.0	128.76237	42.2	275.1	91.53811	39.2	335.1	67.06183	36.5
6.7738	205.0	302.25236	49.6	210.0	217.31943	46.7	200.0	91.25697	39.2	265.0	83.54317	38.4	260.0	62.10145	35.9
6.8224	210.0	266.53893	48.5	205.0	167.68010	44.5	215.0	161.65640	44.2	270.1	86.05960	38.7	150.0	69.02107	36.8
6.8807	210.0	248.61165	47.9	215.0	224.96148	47.0	205.0	104.13078	40.4	270.1	89.17995	39.0	220.0	89.15873	39.0
6.9333	205.0	221.43300	46.9	210.0	220.21360	46.9	265.0	94.65572	39.5	200.0	77.30178	37.8	215.0	76.99712	37.7
6.9812	220.0	257.85077	48.2	215.0	150.28353	43.5	225.0	133.30481	42.5	280.1	109.72420	40.8	285.1	75.70869	37.6
7.0346	215.0	208.81423	46.4	220.0	177.58147	45.0	275.1	103.67266	40.3	280.1	99.49845	40.0	210.0	98.72759	39.9
7.0807	225.0	193.85172	45.7	220.0	188.58594	45.5	285.1	117.08761	41.4	290.1	91.62116	39.2	280.1	85.37652	38.6
7.1364	225.0	203.70584	46.2	230.0	174.85678	44.9	290.1	116.25932	41.3	180.0	71.16506	37.0	240.0	70.02522	36.9
7.1831	225.0	179.59020	45.1	230.0	179.55875	45.1	290.1	121.40000	41.7	295.1	78.72374	37.9	180.0	72.36570	37.2
7.2349	235.0	207.28507	46.3	230.0	162.25691	44.2	300.1	116.96037	41.4	295.1	94.43327	39.5	185.0	69.08802	36.8
7.2808	225.0	193.81128	45.7	220.0	158.32902	44.0	285.1	117.66592	41.4	175.0	89.14539	39.0	230.0	77.14938	37.7
7.3314	230.0	182.84586	45.2	235.0	165.60970	44.4	225.0	114.85036	41.2	240.0	101.24384	40.1	180.0	82.77193	38.4
7.3879	225.0	194.19033	45.8	220.0	130.54555	42.3	230.0	116.67467	41.3	175.0	100.95122	40.1	240.0	90.40978	39.1
7.4353	230.0	196.28294	45.9	225.0	151.98051	43.6	180.0	105.82739	40.5	235.0	101.30473	40.1	290.1	86.77675	38.8
7.4909	235.0	239.11516	47.6	240.0	130.93683	42.3	230.0	124.86855	41.9	185.0	108.18532	40.7	300.1	93.94917	39.5
7.5409	235.0	169.33340	44.6	230.0	133.68155	42.5	185.0	118.76279	41.5	180.0	103.07047	40.3	300.1	83.73302	38.5
7.5915	240.0	162.56774	44.2	190.0	135.18586	42.6	245.0	121.61149	41.7	185.0	109.14522	40.8	235.0	91.52143	39.2
7.6409	245.0	169.11581	44.6	250.0	159.36962	44.0	195.0	135.68185	42.7	190.0	129.04558	42.2	255.0	83.89426	38.5
7.6914	250.0	176.69196	44.9	195.0	169.49230	44.6	245.0	159.28000	44.0	190.0	124.61312	41.9	200.0	73.08070	37.3
7.7409	195.0	151.66844	43.6	250.0	147.97865	43.4	245.0	130.54349	42.3	200.0	106.35938	40.5	190.0	101.76144	40.2
7.7914	255.0	178.99876	45.1	200.0	172.53326	44.7	260.0	132.88873	42.5	205.0	110.74864	40.9	195.0	103.81620	40.3
7.8407	200.0	168.96171	44.6	255.0	159.43180	44.1	195.0	143.32216	43.1	250.0	131.66521	42.4	210.0	67.92952	36.6
7.8917	190.0	185.26541	45.4	195.0	174.14172	44.8	245.0	157.40412	43.9	250.0	101.74465	40.2	200.0	86.55005	38.7
7.9409	190.0	207.98791	46.4	195.0	197.75195	45.9	245.0	144.85468	43.2	250.0	92.63571	39.3	240.0	80.70563	38.1
7.9993	195.0	240.42023	47.6	200.0	161.53782	44.2	250.0	130.52220	42.3	190.0	98.20259	39.8	255.0	94.08592	39.5
8.0508	195.0	236.61125	47.5	200.0	165.12319	44.4	250.0	142.05506	43.0	190.0	93.31335	39.4	255.0	76.87416	37.7
8.1011	205.0	208.67052	46.4	210.0	179.45850	45.1	200.0	118.90502	41.5	265.0	107.28920	40.6	260.0	102.21748	40.2
8.1514	210.0	235.34784	47.4	215.0	220.11804	46.9	270.1	102.63201	40.2	205.0	96.75937	39.7	275.1	85.56152	38.6
8.2008	215.0	311.71952	49.9	220.0	165.93509	44.4	210.0	164.41521	44.3	275.1	103.85784	40.3	340.1	66.58064	36.5
8.2514	210.0	267.92569	48.6	205.0	236.43212	47.5	215.0	100.48272	40.0	265.0	93.90548	39.5	200.0	83.28820	38.4
8.3008	205.0	265.97367	48.5	210.0	204.73379	46.2	200.0	157.97834	44.0	265.0	88.79148	39.0	215.0	81.00613	38.2
8.3577	210.0	296.95256	49.5	215.0	190.60724	45.6	205.0	117.97661	41.4	270.1	87.16073	38.8	150.0	56.46574	35.0
8.4114	210.0	232.84735	47.3	205.0	229.85139	47.2	265.0	102.53690	40.2	200.0	75.37832	37.5	270.1	66.60965	36.5
8.4608	220.0	209.58944	46.4	215.0	181.67963	45.2	280.1	123.87199	41.9	225.0	92.80794	39.4	275.1	85.46586	38.6
8.5133	220.0	190.31155	45.6	215.0	170.65324	44.6	280.1	103.74960	40.3	230.0	96.47146	39.7	225.0	93.29808	39.4
8.5609	225.0	201.68028	46.1	220.0	195.17757	45.8	285.1	132.73545	42.5	230.0	101.84279	40.2	280.1	100.01597	40.0
8.6136	220.0	168.82427	44.5	225.0	147.56716	43.4	230.0	134.92643	42.6	235.0	123.31876	41.8	215.0	119.55426	41.6
8.6609	225.0	226.82929	47.1	230.0	149.80534	43.5	290.1	111.89163	41.0	220.0	109.94159	40.8	285.1	103.24146	40.3
8.7179	230.0	232.61228	47.3	225.0	131.81278	42.4	235.0	122.63107	41.8	295.1	115.59998	41.3	290.1	87.72477	38.9
8.7658	220.0	210.47932	46.5	225.0	129.32045	42.2	215.0	109.45201	40.8	280.1	105.40956	40.5	230.0	91.77053	39.3
8.8134	230.0	183.28431	45.3	225.0	155.41874	43.8	290.1	103.48180	40.3	240.0	95.60762	39.6	295.1	92.73456	39.3
8.8703	230.0	183.20148	45.3	225.0	153.31590	43.7	235.0	96.70609	39.7	180.0	96.45006	39.7	245.0	92.27872	39.3
8.9204	225.0	171.81127	44.7	230.0	162.33458	44.2	240.0	108.26985	40.7	180.0	95.49185	39.6	235.0	93.76764	39.4
8.9706	235.0	169.34454	44.6	240.0	147.58637	43.4	185.0	123.06886	41.8	250.0	96.87126	39.7	190.0	85.83748	38.7
9.0209	240.0	174.44214	44.8	235.0	155.74790	43.8	185.0	120.30996	41.6	190.0	99.15719	39.9	245.0	85.82624	38.7
9.0713	240.0	170.98569	44.7	235.0	113.44329	41.1	245.0	112.73430	41.0	190.0	108.75973	40.7	185.0	107.26260	40.6
9.1209	245.0	174.03620	44.8	190.0	129.79920	42.3	195.0	128.88033	42.2	250.0	115.67431	41.3	240.0	94.25479	39.5
9.1715	250.0	170.61109	44.6	245.0	165.49199	44.4	195.0	161.08325	44.1	190.0	124.21656	41.9	315.1	73.40589	37.3
9.2208	250.0	188.45420	45.5	195.0	163.78888	44.3	245.0	131.85986	42.4	255.0	106.44925	40.5	200.0	100.99987	40.1
9.2714	250.0	178.56813	45.0	195.0	172.82250	44.8	245.0	137.46785	42.8	190.0	108.67928	40.7	255.0	108.13611	40.7
9.3208	195.0	200.48644	46.0	250.0	180.66938	45.1	245.0	114.21580	41.2	200.0	110.06690	40.8	190.0	97.55330	39.8
9.3762	200.0	206.95048	46.3	255.0	173.69332	44.8	195.0	126.63688	42.1	260.0	105.47264	40.5	205.0	103.89336	40.3
9.4256	190.0	199.82321	46.0	245.0	158.50625	44.0	195.0	156.79223	43.9	240.0	102.10458	40.2	250.0	87.25377	38.8
9.4714	195.0	207.99686	46.4	250.0	163.98515	44.3	200.0	160.72672	44.1	255.0	104.64914	40.4	190.0	97.07416	39.7
9.5314	200.0	237.29375	47.5	205.0	180.75484	45.1	195.0	136.19283	42.7	255.0	131.63391	42.4	260.0	108.15525	40.7
9.5832	200.0	270.72576	48.7	195.0	192.43710	45.7	255.0	113.64061	41.1	205.0	91.83532	39.3	250.0	90.16514	39.1
9.6317	205.0	269.48023	48.6	200.0	152.31859	43.7	210.0	148.61751	43.4	260.0	97.29560	39.8	215.0	79.40585	38.0
9.6808	215.0	259.40409	48.3	210.0	256.19712	48.2	205.0	101.59960	40.1	220.0	99.64969	40.0	270.1	75.59459	37.6
9.7361	205.0	313.65638	49.9	210.0	231.12653	47.3	200.0	127.33455	42.1	265.0	59.02893	35.4	325.1	53.75099	34.6
9.7838	205.0	294.54097	49.4	200.0	176.32872	44.9	210.0	174.07665	44.8	265.0	78.56859	37.9	260.0	69.73449	36.9
9.8402	215.0	298.55929	49.5	210.0	206.22978	46.3	220.0	142.47405	43.1	275.1	87.07894	38.8	205.0	66.03446	36.4
9.8931	210.0	259.94994	48.3	205.0	198.02474	45.9	215.0	110.79050	40.9	265.0	93.01534	39.4	270.1	85.44674	38.6
9.9409	220.0	242.66869	47.7	225.0	194.69501	45.8	215.0	106.24648	40.5	280.1	97.01233	39.7	285.1	94.60457	39.5
9.9964	220.0	230.40862	47.2	215.0	219.89196	46.8	280.1	108.28792	40.7	275.1	82.88862	38.4	285.1	61.02772	35.7
10.0412	215.0	223.81230	47.0	220.0	172.98602	44.8	275.1	95.88421	39.6	210.0	87.57273	38.8	280.1	77.66326	37.8
10.0966	230.0	203.45854	46.2	225.0	192.74166	45.7	235.0	99.55733	40.0	290.1	91.17752	39.2	295.1	85.88495	38.7
10.1442	225.0	205.55464	46.3	230.0	188.65158	45.5	290.1	116.20110	41.3	220.0	92.76242	39.3	295.1	83.31272	38.4
10.1913	235.0	218.27801	46.8	230.0	149.37658	43.5	240.0	126.51742	42.0	300.1	111.47789	40.9	245.0	96.58907	39.7
10.2408	220.0	195.82108	45.8	225.0	148.68594	43.4	215.0	100.55944	40.0	175.0	86.17993	38.7	285.1	83.43565	38.4
10.2914	225.0	164.00267	44.3	220.0	155.60104	43.8	240.0	96.28791	39.7	235.0	89.13544	39.0	175.0	86.96537	38.8
10.3492	225.0	182.84728	45.2	230.0	147.58349	43.4	220.0	125.18141	42.0	290.1	114.77128	41.2	175.0	92.85338	39.4
10.3960	225.0	212.08744	46.5	230.0	149.12016	43.5	290.1	124.82577	41.9	175.0	123.68213	41.8	180.0	98.54748	39.9
10.4504	235.0	199.65863	46.0	230.0	139.27317	42.9	185.0	121.42859	41.7	240.0	109.07397	40.8	300.1	100.75138	40.1
10.5008	230.0	163.92810	44.3	235.0	145.77319	43.3	180.0	124.75794	41.9	245.0	107.40146	40.6	185.0	101.21118	40.1
10.5514	235.0	174.22022	44.8	240.0	139.58817	42.9	245.0	127.26836	42.1	185.0	110.87547	40.9	250.0	83.50638	38.4
10.6016	245.0	204.70537	46.2	190.0	137.41509	42.8	195.0	130.22392	42.3	250.0	129.37254	42.2	240.0	99.96477	40.0
10.6539	245.0	202.70361	46.1	190.0	148.90161	43.5	250.0	117.29122	41.4	195.0	115.69815	41.3	240.0	115.62195	41.3
10.7008	245.0	179.37000	45.1	240.0	144.13137	43.2	190.0	136.13503	42.7	195.0	120.15365	41.6	250.0	116.59213	41.3
10.7514	255.0	173.48859	44.8	200.0	165.13264	44.4	195.0	151.25001	43.6	250.0	151.24234	43.6	260.0	92.45392	39.3
10.8034	245.0	176.11616	44.9	190.0	158.71794	44.0	195.0	150.67045	43.6	250.0	125.33214	42.0	240.0	75.03300	37.5
10.8513	250.0	171.53828	44.7	255.0	165.66477	44.4	195.0	162.50524	44.2	200.0	158.75035	44.0	245.0	69.75112	36.9
10.9033	200.0	172.75325	44.7	255.0	154.76234	43.8	260.0	145.68204	43.3	205.0	144.28367	43.2	195.0	85.25051	38.6
10.9513	200.0	195.66470	45.8	195.0	192.63070	45.7	250.0	121.62992	41.7	255.0	112.95291	41.1	205.0	88.86624	39.0
11.0008	205.0	243.70266	47.7	200.0	178.11791	45.0	260.0	143.29695	43.1	210.0	109.33739	40.8	265.0	100.54282	40.0
11.0567	195.0	254.72753	48.1	200.0	190.45507	45.6	250.0	143.77322	43.2	255.0	103.99788	40.3	190.0	92.06621	39.3
11.1037	200.0	251.00878	48.0	195.0	171.65065	44.7	205.0	132.19150	42.4	255.0	122.39366	41.8	250.0	94.47953	39.5
11.1609	205.0	278.07802	48.9	210.0	237.95992	47.5	265.0	107.66657	40.6	200.0	77.80354	37.8	260.0	72.07667	37.2
11.2113	205.0	263.18711	48.4	200.0	231.81420	47.3	210.0	107.74784	40.6	260.0	88.15329	38.9	195.0	82.17459	38.3
11.2608	210.0	285.70397	49.1	205.0	204.67767	46.2	215.0	161.90490	44.2	270.1	91.87355	39.3	265.0	70.17830	36.9
11.3141	215.0	309.55705	49.8	210.0	204.84740	46.2	220.0	127.03193	42.1	275.1	98.89159	39.9	270.1	59.25562	35.5
11.3678	215.0	251.74428	48.0	220.0	219.25027	46.8	210.0	106.15189	40.5	280.1	89.61024	39.0	275.1	86.02827	38.7
11.4147	210.0	230.27293	47.2	215.0	175.92056	44.9	270.1	127.60139	42.1	205.0	100.84863	40.1	275.1	70.33020	36.9
11.4624	215.0	246.34192	47.8	220.0	182.22341	45.2	275.1	117.67676	41.4	210.0	95.61483	39.6	280.1	89.16870	39.0
11.5208	215.0	222.98444	47.0	210.0	133.24756	42.5	220.0	124.63778	41.9	275.1	124.57525	41.9	270.1	75.37583	37.5
11.5717	215.0	222.37791	46.9	210.0	183.43547	45.3	270.1	102.53206	40.2	275.1	79.67956	38.0	220.0	66.49110	36.5
11.6219	220.0	214.79971	46.6	225.0	182.14907	45.2	215.0	92.98666	39.4	285.1	84.07748	38.5	170.0	76.31962	37.7
11.6714	225.0	249.17632	47.9	230.0	154.13958	43.8	220.0	122.92328	41.8	290.1	106.90191	40.6	285.1	83.02071	38.4
11.7255	230.0	243.38014	47.7	235.0	168.47335	44.5	295.1	119.74937	41.6	225.0	97.43620	39.8	180.0	72.82635	37.2
11.7751	230.0	230.05158	47.2	235.0	169.94672	44.6	295.1	108.38901	40.7	225.0	95.39676	39.6	180.0	83.49873	38.4
11.8217	240.0	235.44565	47.4	235.0	168.11084	44.5	245.0	122.06831	41.7	305.1	89.05360	39.0	185.0	80.88442	38.2
11.8713	230.0	229.32810	47.2	235.0	198.30776	45.9	180.0	91.99295	39.3	295.1	86.31697	38.7	185.0	75.44864	37.6
11.9208	230.0	195.27965	45.8	235.0	120.05263	41.6	225.0	118.53388	41.5	180.0	117.91558	41.4	295.1	76.47189	37.7
11.9787	230.0	162.91521	44.2	225.0	144.60265	43.2	180.0	107.83846	40.7	235.0	99.30600	39.9	175.0	92.94415	39.4
12.0266	230.0	182.21141	45.2	180.0	153.46392	43.7	235.0	120.65671	41.6	185.0	90.51213	39.1	225.0	87.47795	38.8
12.0808	240.0	194.29711	45.8	185.0	146.62531	43.3	235.0	130.51306	42.3	190.0	124.86262	41.9	245.0	110.90159	40.9
12.1313	240.0	169.40577	44.6	235.0	157.87199	44.0	185.0	141.67676	43.0	190.0	119.12118	41.5	245.0	82.03612	38.3
12.1835	250.0	190.88330	45.6	195.0	158.91225	44.0	245.0	144.10820	43.2	255.0	104.90968	40.4	190.0	102.31048	40.2
12.2330	205.0	108.57004	40.7	265.0	107.37084	40.6	210.0	95.83392	39.6	260.0	94.95143	39.6	270.1	85.29585	38.6
12.2757	210.0	31.40645	29.9	215.0	29.61263	29.4	205.0	29.16861	29.3	220.0	25.39687	28.1	200.0	23.99273	27.6
