# LRA Stimulus Response — Time Series Data
# Source file:      shepard_falling_haptic.wav
# Generated:        2026-07-17 13:59:19
# Stimulus duration:12.000 s
# Analysis window:  0.411s to 12.289s (clipped 0.4s at start, 0.8s+ at end,
#                    plus automatic trim of any trailing cutoff-ring artifact)
# Accel sample rate: 1560.9-1837.8 Hz (range across windows; 1663.3 Hz overall for this recording)
#                    peak_freq_hz below uses EACH WINDOW'S OWN rate (spread: 276.9 Hz) for maximum accuracy per instant
# FFT window size:  200 ms (332 samples)
# FFT step size:    50 ms
# FFT freq resolution: ~5.01 Hz per bin (at overall rate)
# LRA resonance:    210 Hz (free-air, characterized separately)
# Rows:             234
#
# To recreate plot in Python:
#   import numpy as np, matplotlib.pyplot as plt
#   data = np.loadtxt('filename.txt', delimiter='	', comments='#')
#   t, rms, freq = data[:,0], data[:,1], data[:,2]
#   fig, (ax1, ax2) = plt.subplots(2,1, sharex=True)
#   ax1.plot(t, rms);  ax1.set_ylabel('RMS Acceleration (g)')
#   ax2.plot(t, freq); ax2.set_ylabel('Dominant Frequency (Hz)')
#   plt.show()
#
# Columns:
# time_s	rms_g	peak_freq_hz
0.4108	1.454310	237.58
0.4617	1.482471	236.85
0.5116	1.465189	232.70
0.5618	1.495776	234.30
0.6122	1.509611	229.47
0.6617	1.511265	234.28
0.7158	1.485934	227.29
0.7618	1.455369	224.43
0.8139	1.465321	219.35
0.8616	1.478905	224.35
0.9158	1.509987	226.47
0.9618	1.547273	213.53
1.0202	1.584798	212.89
1.0717	1.602137	208.32
1.1218	1.660126	208.60
1.1723	1.704610	208.66
1.2263	1.730270	207.99
1.2772	1.739035	206.64
1.3289	1.696400	203.15
1.3818	1.654864	204.58
1.4324	1.603455	199.99
1.4839	1.555136	204.45
1.5342	1.528043	199.36
1.5817	1.491530	196.76
1.6324	1.446472	196.63
1.6815	1.441812	194.64
1.7319	1.440918	240.75
1.7815	1.443658	240.99
1.8353	1.471043	239.27
1.8842	1.445101	238.80
1.9319	1.468364	242.90
1.9819	1.476954	242.14
2.0323	1.476547	229.88
2.0902	1.506527	224.99
2.1406	1.498412	219.31
2.1917	1.507006	226.96
2.2415	1.513892	227.99
2.2923	1.486517	228.55
2.3418	1.481520	223.90
2.3924	1.505629	216.75
2.4418	1.564319	223.79
2.4947	1.608590	215.84
2.5423	1.652696	208.96
2.6002	1.682790	211.76
2.6524	1.692212	208.78
2.7018	1.727237	207.54
2.7524	1.738531	213.29
2.8068	1.724495	205.74
2.8534	1.688184	199.97
2.9117	1.651471	203.76
2.9618	1.593768	196.12
3.0123	1.544552	198.90
3.0618	1.532088	199.40
3.1153	1.514311	254.27
3.1618	1.490904	247.64
3.2123	1.491373	193.49
3.2681	1.479660	244.25
3.3162	1.453618	237.65
3.3618	1.468683	246.38
3.4178	1.515452	234.45
3.4703	1.488166	224.81
3.5203	1.491864	229.83
3.5717	1.507410	231.89
3.6217	1.471990	227.59
3.6733	1.505441	228.58
3.7218	1.554201	224.68
3.7724	1.520369	229.83
3.8258	1.502853	229.31
3.8729	1.513178	224.43
3.9218	1.508162	220.09
3.9788	1.553382	211.60
4.0298	1.606903	208.45
4.0802	1.654793	216.16
4.1323	1.677209	215.45
4.1818	1.717891	214.30
4.2334	1.735505	210.98
4.2849	1.719083	203.69
4.3402	1.713907	200.88
4.3922	1.667611	202.02
4.4418	1.619737	202.93
4.4922	1.572799	196.85
4.5416	1.508637	198.46
4.5949	1.508196	249.08
4.6428	1.471979	194.36
4.6923	1.469409	197.15
4.7417	1.476786	240.17
4.7922	1.440738	243.33
4.8472	1.477562	244.33
4.8931	1.451783	239.25
4.9416	1.436509	240.97
4.9922	1.460288	230.24
5.0493	1.444043	231.67
5.1001	1.457606	234.29
5.1501	1.485656	228.34
5.2001	1.470419	229.29
5.2501	1.479510	222.95
5.3016	1.548349	222.63
5.3520	1.560705	222.05
5.4016	1.567316	221.68
5.4522	1.603688	224.08
5.5040	1.594594	224.34
5.5522	1.618987	210.95
5.6101	1.679914	210.63
5.6616	1.710087	209.45
5.7133	1.745635	216.04
5.7616	1.761028	208.73
5.8132	1.723890	204.00
5.8670	1.675707	200.84
5.9201	1.625571	200.28
5.9716	1.593842	199.07
6.0222	1.593747	197.81
6.0724	1.578588	198.88
6.1217	1.556343	199.96
6.1721	1.538103	250.69
6.2277	1.509336	247.93
6.2752	1.484472	244.14
6.3227	1.478062	241.33
6.3722	1.473818	236.64
6.4317	1.455312	233.87
6.4821	1.475548	223.81
6.5316	1.485020	233.63
6.5816	1.464336	234.29
6.6322	1.475427	228.70
6.6821	1.473391	229.31
6.7321	1.452532	229.32
6.7816	1.458459	224.74
6.8322	1.467987	222.56
6.8818	1.515506	218.43
6.9337	1.545326	224.31
6.9870	1.589982	215.13
7.0391	1.628626	210.95
7.0903	1.635024	213.77
7.1417	1.671818	214.09
7.1922	1.702606	211.80
7.2440	1.731113	214.35
7.2927	1.749829	209.26
7.3417	1.714953	203.02
7.3923	1.671317	195.62
7.4502	1.614374	194.65
7.5017	1.549610	195.08
7.5522	1.534430	195.56
7.6019	1.531550	198.89
7.6542	1.503121	254.55
7.7022	1.501457	249.48
7.7519	1.505098	251.71
7.8017	1.475068	238.81
7.8522	1.520325	234.60
7.9068	1.505498	229.54
7.9602	1.489073	228.47
8.0102	1.518808	231.73
8.0617	1.482159	232.54
8.1133	1.487612	230.77
8.1617	1.477171	225.90
8.2132	1.461607	227.16
8.2652	1.491463	223.93
8.3157	1.534796	224.25
8.3620	1.562460	228.33
8.4133	1.571304	219.39
8.4696	1.562751	209.35
8.5202	1.555632	210.46
8.5716	1.583436	211.58
8.6227	1.616392	217.85
8.6722	1.685962	218.60
8.7216	1.737860	208.29
8.7723	1.768780	206.16
8.8285	1.748356	200.73
8.8802	1.687037	201.39
8.9317	1.626293	200.29
8.9817	1.555719	197.75
9.0328	1.534312	198.75
9.0819	1.501712	199.37
9.1323	1.482135	194.93
9.1817	1.477793	191.04
9.2355	1.466015	249.38
9.2866	1.498971	243.62
9.3322	1.496130	243.43
9.3822	1.477453	245.21
9.4321	1.499239	232.85
9.4817	1.502037	230.93
9.5377	1.501849	230.14
9.5902	1.516105	224.86
9.6401	1.528376	224.81
9.6916	1.492301	227.59
9.7417	1.499075	222.51
9.7922	1.551361	223.60
9.8417	1.523779	224.35
9.8923	1.555535	222.30
9.9459	1.562107	223.74
9.9941	1.561752	219.40
10.0422	1.593939	214.85
10.0922	1.643608	211.27
10.1515	1.697728	206.87
10.2017	1.715192	203.86
10.2543	1.739665	213.59
10.3025	1.709829	205.59
10.3523	1.676115	208.20
10.4102	1.645649	199.35
10.4617	1.596958	194.93
10.5129	1.578102	195.92
10.5619	1.551113	199.40
10.6138	1.528133	197.03
10.6617	1.494601	249.52
10.7159	1.483678	249.21
10.7617	1.482563	237.37
10.8138	1.446459	244.34
10.8675	1.485372	239.16
10.9158	1.508524	238.99
10.9660	1.467795	236.06
11.0202	1.495021	229.30
11.0702	1.494792	229.43
11.1202	1.448463	229.35
11.1717	1.488378	226.98
11.2217	1.534728	227.53
11.2733	1.500177	228.84
11.3217	1.522310	224.34
11.3721	1.540329	220.45
11.4217	1.521952	219.54
11.4723	1.563730	221.73
11.5261	1.589723	210.50
11.5745	1.624088	209.49
11.6301	1.652359	211.42
11.6817	1.692019	206.87
11.7336	1.724730	206.51
11.7817	1.720076	208.89
11.8377	1.697560	202.60
11.8902	1.655088	198.93
11.9418	1.587437	203.44
11.9922	1.533511	201.83
12.0441	1.525306	199.47
12.0927	1.517848	254.23
12.1417	1.480974	201.71
12.1922	1.283261	198.65
12.2418	1.010757	206.30
12.2895	0.656016	204.82
